time,x,y,z,phi,theta,psi,x_velocity,y_velocity,z_velocity,phi_velocity,theta_velocity,psi_velocity,rotor_speed1,rotor_speed2,rotor_speed3,rotor_speed4
0.06,-1.39221924839e-07,-9.14974010643e-08,10.0061800009,6.28290171463,0.000131620665112,0.0,-1.27708468418e-05,-1.70927595885e-05,0.205984725123,-0.0164295662156,0.00625528423863,0.0,468.8849256978301,469.37050477418614,470.1598608355019,468.8855234559897
0.12000000000000001,-5.08036066417e-06,-1.06949226252e-05,10.0212399356,6.28173289271,0.000600037508679,0.0,-0.000194509237992,-0.000443813016388,0.295993338797,-0.0264117644366,0.0107425421445,0.0,433.1543051070251,433.531327058601,434.6267849947235,433.7895135033052
0.18,-3.59340593965e-05,-8.0562970243e-05,10.0460593211,6.2800262428,0.00207112587886,0.0,-0.000973732050424,-0.00208539512446,0.531238905563,-0.0328541612809,0.0432572316565,0.0,476.93071731574764,479.4073174759002,478.1032291308861,477.61204270507983
0.23999999999999996,-0.00015758016777,-0.000290799906848,10.0844831363,6.27822819337,0.00553004017479,0.0,-0.0034539224032,-0.00514665852642,0.749435116948,-0.0247432989164,0.0769579952494,0.0,472.63960909159505,475.23133153958184,472.24178536835194,472.8666773572922
0.3,-0.000527901139695,-0.000733102724985,10.1373386544,6.27628739225,0.0101102385285,0.0,-0.00946882487315,-0.00980183845814,1.01221494074,-0.0553612871467,0.0750647938999,0.0,486.72747741865646,486.5898388349479,487.3361901635674,485.04203615942123
0.36000000000000004,-0.00136136962161,-0.00150345302391,10.20466044,6.2728611278,0.0145729722496,0.0,-0.0188477471804,-0.0162783470227,1.2316245799,-0.0608392031618,0.0729713688564,0.0,474.65937091329886,474.50264852343366,474.29864426425144,473.8757692284447
0.4200000000000001,-0.00287215857377,-0.00275172753169,10.2855802825,6.26890859394,0.0191303653162,0.0,-0.0320526364349,-0.0257875360899,1.46541918752,-0.0785590038205,0.0813400651226,0.0,478.42676130366436,479.0675233789812,479.9390822505044,478.58943100874984
0.48000000000000015,-0.00524696833693,-0.00464025449557,10.3783869877,6.26438820586,0.0236352582415,0.0,-0.0476304354811,-0.037672731431,1.62790073479,-0.0695771466295,0.0580549196698,0.0,458.6102296198397,456.76124208900256,458.89082449851657,459.59889184782855
0.5400000000000001,-0.00858312957716,-0.00728602929597,10.4780971592,6.25979233654,0.0267641672421,0.0,-0.0638978489757,-0.0509380047492,1.69565579392,-0.0968069062121,0.0364516686296,0.0,431.09326498628616,429.26586246382254,429.56529452628496,427.2448960580151
0.6000000000000002,-0.0128980694899,-0.0107755496627,10.579877498,6.25377290047,0.028737757232,0.0,-0.0801164007155,-0.0658950286797,1.69700064409,-0.108488920715,0.0246090297029,0.0,407.48424762725085,406.424793248261,408.5092774509432,407.45655010855046
0.6600000000000003,-0.0183886515891,-0.015447586876,10.6875155863,6.24774628502,0.0313342033438,0.0,-0.103147103386,-0.0905520728195,1.89060320497,-0.0878974582496,0.0661895616258,0.0,466.80347489327517,470.03750998999726,468.0323858973539,469.62377691306017
0.7200000000000003,-0.025329816259,-0.0217327403057,10.8066843944,6.24201873923,0.036158468724,0.0,-0.128733183689,-0.119566391557,2.08131884431,-0.118237759814,0.099547827776,0.0,466.13309525772553,468.7370108212318,470.68871240199957,468.32716811653864
0.7800000000000004,-0.0338267821055,-0.0297870015014,10.934613381,6.23487199854,0.0422804047319,0.0,-0.155111011875,-0.149627486414,2.18273174886,-0.120919720861,0.106584671385,0.0,442.05362693676835,442.64213079325776,441.6464361881649,441.4123059444413
0.8400000000000004,-0.0439738426984,-0.0397233602013,11.067209142,6.2272105881,0.0489293055635,0.0,-0.183742625899,-0.182282580935,2.23695157142,-0.146789946052,0.118153483292,0.0,426.60562219616435,427.60360558543044,428.69855486810786,426.4785727148733
0.9000000000000005,-0.0560768281859,-0.0518946979588,11.2051752831,6.21865234445,0.05565059727,0.0,-0.22041270422,-0.224327770869,2.36156812729,-0.135418782822,0.0954913297028,0.0,451.6248735460438,449.80406627602395,449.1519997804336,450.0544289291101
0.9600000000000005,-0.0704622822331,-0.0667030846036,11.3496009636,6.21022593423,0.0616356231566,0.0,-0.25968333485,-0.270099954072,2.45232695479,-0.153063737111,0.107133056201,0.0,440.47429598161756,441.4445661373063,440.3486095951727,438.86770667103116
1.0200000000000005,-0.0872811719556,-0.0843767169973,11.4986983398,6.20096209685,0.0677422970059,0.0,-0.301548691608,-0.319899872217,2.51731984132,-0.157203668538,0.0880399837506,0.0,433.25386264857326,431.6547470352843,433.10832897742307,432.7367628508132
1.0800000000000005,-0.106909694815,-0.105441701504,11.6543015703,6.19133394998,0.0729655925058,0.0,-0.353289493866,-0.383276696875,2.66895824329,-0.167953379313,0.0850096603378,0.0,459.88066622672324,459.64657304282485,461.59635048272304,460.72369527126995
1.1400000000000006,-0.129420759741,-0.130097049215,11.8144199773,6.18125779581,0.0787550658843,0.0,-0.397561416876,-0.43944160886,2.66817768715,-0.167901021763,0.112939627507,0.0,411.1355224601449,413.61108405786916,412.74673855459105,412.7219973141123
1.2000000000000006,-0.155229976183,-0.158989234293,11.9810874989,6.17108832302,0.0858499243958,0.0,-0.463537275818,-0.52477614086,2.88664122605,-0.172872905781,0.127167668821,0.0,480.9234032475368,482.0111238446313,482.3987223659042,481.99805317374796
1.2600000000000007,-0.184813109159,-0.192777510913,12.1567177027,6.16117578394,0.0934280284763,0.0,-0.523306033294,-0.602468008708,2.96726182689,-0.153143269207,0.124512968163,0.0,441.7012724791851,441.49692935900106,440.38228222878195,441.98461699237464
1.3200000000000007,-0.218268697357,-0.231593967029,12.3385347675,6.15167124803,0.101141496988,0.0,-0.592655915764,-0.692344817651,3.09271274024,-0.171835327604,0.135612974594,0.0,456.42230808590244,457.321870311683,456.7515563794518,455.234896411557
1.3800000000000008,-0.255593495494,-0.275413849308,12.5233951436,6.14138879283,0.109272607774,0.0,-0.652195319684,-0.769175985474,3.06911446555,-0.170468975527,0.135329130905,0.0,408.84713272811075,408.8405566686817,409.204177425572,409.29484359459013
1.4400000000000008,-0.297225576004,-0.324782122437,12.7120906278,6.13089967892,0.11782194939,0.0,-0.736413956552,-0.877483895884,3.21996024054,-0.185348069948,0.153915564644,0.0,464.85174001650023,466.3236101562108,467.0984803229878,465.90857759249354
1.5000000000000009,-0.344168588336,-0.380960541013,12.9102815632,6.12038548312,0.126923109331,0.0,-0.8293231453,-0.996228773381,3.38549812742,-0.160276590532,0.146812346616,0.0,472.59779259112946,472.070121015433,471.0312054268635,472.9379765877525
1.560000000000001,-0.396750883581,-0.444311908263,13.1172484052,6.11111716812,0.135739542466,0.0,-0.924306414674,-1.11638771298,3.51259335807,-0.144857145194,0.147195430642,0.0,462.54551679752245,462.59498885808597,461.42233113969746,462.61632226367203
1.620000000000001,-0.45480399543,-0.514539201217,13.3287745879,6.1022362582,0.144896588744,0.0,-1.01160825769,-1.22527773809,3.53781390278,-0.155217100496,0.161696803957,0.0,431.60785197621396,432.85256903841565,431.02452220506433,430.1265809392069
1.680000000000001,-0.519051255084,-0.592423501303,13.5469528447,6.09279300871,0.154695362232,0.0,-1.13100553483,-1.37178882757,3.73360634444,-0.162119262183,0.166359662384,0.0,486.27536189549323,486.6474118332246,485.54662342039666,485.00726753889825
1.740000000000001,-0.589701293491,-0.678110213918,13.770586416,6.08274783911,0.164935742495,0.0,-1.22486549622,-1.48524318234,3.72041479447,-0.180960469631,0.178133309726,0.0,422.3808201004453,423.4244723475067,422.1376054902287,420.4795374948396
1.8000000000000012,-0.666101815138,-0.770701173869,13.9929823711,6.07170576508,0.175528468992,0.0,-1.32271683683,-1.60200186726,3.69234411648,-0.191014738454,0.173169274517,0.0,418.4917899920801,418.091604345824,418.2663739577326,417.3543969583331
1.8600000000000012,-0.74837851706,-0.870271459995,14.2126479344,6.0605466665,0.186276617876,0.0,-1.42070048163,-1.71788210652,3.62949881955,-0.177468799154,0.188971990079,0.0,406.53100618941147,407.9785647103377,405.92511364147873,407.1017290608569
1.9200000000000013,-0.837702486539,-0.978122601267,14.4335299235,6.04976739354,0.197379364213,0.0,-1.55784018509,-1.87809002036,3.7321292276,-0.184421942022,0.175750213646,0.0,463.7555576069041,462.7473332001606,463.54133275982167,462.9647564104872
1.9800000000000013,-0.934874464113,-1.09509415886,14.6574976114,6.03865363618,0.208131121254,0.0,-1.68214421535,-2.02185163274,3.73274245456,-0.186892265728,0.185315384568,0.0,431.8809531814459,432.71893093681075,432.4106546644107,432.1681307259873
2.0400000000000014,-1.04066217844,-1.22197927091,14.8857547561,6.02712119841,0.219605963069,0.0,-1.84520557274,-2.20863228384,3.87436825953,-0.20579425025,0.201035241798,0.0,478.46572958731076,479.69357502937345,480.78437986493213,479.3165696467647
2.1000000000000014,-1.15429076341,-1.35781793043,15.1129064148,6.0147596533,0.232199416199,0.0,-1.94329982198,-2.32016675496,3.6973050734,-0.206491995273,0.223405430567,0.0,370.89396231652904,373.1368696019511,372.06764419726824,371.9485388182317
2.1600000000000015,-1.27538220916,-1.50207572013,15.3350278458,6.00217543437,0.246073238146,0.0,-2.09425452169,-2.48937773979,3.70568071141,-0.217163238162,0.243491778572,0.0,439.37184485148373,441.0873267012866,441.1258672466386,440.19976741224974
2.2200000000000015,-1.40696409607,-1.65798951955,15.5619254475,5.98882492317,0.261096260073,0.0,-2.29323849628,-2.70880462821,3.85561732106,-0.236192715668,0.261453521145,0.0,488.8874861214914,490.28015591888226,488.6503865170963,487.18487442255304
2.2800000000000016,-1.55033497188,-1.82680593744,15.7958427264,5.97442848762,0.276638969533,0.0,-2.48718847023,-2.9194796345,3.93981221086,-0.248728847729,0.253744575076,0.0,473.28546779437386,472.7547149095334,472.12342818050325,471.10095637408887
2.3400000000000016,-1.70443684142,-2.00721797527,16.0305161763,5.95951226978,0.291726170762,0.0,-2.65071952831,-3.09526750699,3.8815149167,-0.248354892369,0.246436311374,0.0,428.00366607550626,427.44722479188994,428.4072810807586,428.3746116529894
2.4000000000000017,-1.86929435649,-2.19912949713,16.2636760236,5.9449864874,0.306406018355,0.0,-2.84571460105,-3.30277745469,3.88887366275,-0.231867437614,0.240869240961,0.0,454.24526484901736,453.85703863699985,452.940799771243,454.2074276827071
2.4600000000000017,-2.04646743564,-2.40408296841,16.4980746843,5.93105649987,0.320712972057,0.0,-3.06119605537,-3.52989796777,3.9225547165,-0.232770102106,0.233119164082,0.0,467.5602793177982,467.0096644231142,465.69266051997437,465.57106638480064
2.520000000000002,-2.23672023061,-2.62276466164,16.73390639,5.9167956228,0.33475031157,0.0,-3.28162271116,-3.76035082639,3.93662954369,-0.249935933042,0.235575120633,0.0,464.35532442366866,464.59989757422426,464.476172484973,463.07347152722673
2.580000000000002,-2.43949741846,-2.8545101942,16.967767657,5.9016663707,0.348832233375,0.0,-3.47861412766,-3.96538823323,3.85731370528,-0.256995932305,0.232889323838,0.0,435.6605533343129,435.49200881418994,435.9540661942863,435.29830339256216
2.640000000000002,-2.65568509415,-3.10016063807,17.200095172,5.88644859068,0.362858128904,0.0,-3.72861298163,-4.22380080203,3.88462172362,-0.247640096665,0.235457749286,0.0,476.30191505954554,476.54873298925247,476.93383406986834,477.5881827332309
2.700000000000002,-2.88478710389,-3.35916068256,17.4280999849,5.87151024711,0.377572915844,0.0,-3.9090733353,-4.41035188399,3.71447871102,-0.251773474276,0.259837008008,0.0,408.5634293249508,410.7965885578011,410.316195507983,409.88111071407724
2.760000000000002,-3.12569949414,-3.63030800373,17.6474716546,5.85593129792,0.393037131078,0.0,-4.12233356752,-4.6286465354,3.59628819223,-0.284014441931,0.253176912677,0.0,433.6802571141382,433.18897208024975,434.4626608348589,431.67865870886584
2.820000000000002,-3.37944045508,-3.91454843165,17.8590597093,5.83890744301,0.408409345609,0.0,-4.33662535977,-4.84685347378,3.45498316405,-0.283171160973,0.261646690838,0.0,427.98313792404,428.7720941447079,429.0149575324061,429.0017880841942
2.880000000000002,-3.64810055427,-4.21390217181,18.0657017009,5.82159734294,0.423755377687,0.0,-4.61957583848,-5.13227242955,3.43030378359,-0.30212499042,0.240209790131,0.0,476.76833703069576,475.18778277089524,478.5919139370979,477.0679733951418
2.940000000000002,-3.93358439156,-4.53020680129,18.2696767176,5.80377196598,0.438158715552,0.0,-4.89724763439,-5.41189055032,3.36619431963,-0.288572579314,0.23974615448,0.0,468.83790606158936,468.8561412326534,469.52284449114194,470.4885848829781
3.000000000000002,-4.23669109819,-4.86422710415,18.4708147618,5.78742132777,0.45198297822,0.0,-5.20687851935,-5.72256261748,3.33530338688,-0.251746352128,0.195358149854,0.0,490.20112936049856,486.9361865431786,486.61285272753554,489.29282143168484
3.0600000000000023,-4.55582426426,-5.21437499941,18.6647240176,5.77212384107,0.463548349013,0.0,-5.43145209589,-5.94964276833,3.12675520032,-0.262293208214,0.186975812273,0.0,427.4388014009929,426.7614534015351,427.0567554760848,426.08736692438356
3.1200000000000023,-4.8915891076,-5.58125382676,18.8510792529,5.75679217799,0.474450451816,0.0,-5.76085100073,-6.27990253287,3.08190536432,-0.244624155235,0.168250388232,0.0,495.32146019848756,493.97008810279783,495.6757141845514,496.9143534194287
3.1800000000000024,-5.24613656281,-5.96701329823,19.0324319088,5.74192393997,0.484880411457,0.0,-6.05754494388,-6.5790267021,2.96054379803,-0.255055668766,0.183136250928,0.0,474.0866302564689,475.25608340433513,474.793895367234,473.93518828252843
3.2400000000000024,-5.61764926783,-6.36992680457,19.2045610779,5.72687922196,0.495558596642,0.0,-6.3264547226,-6.85177021295,2.77479631838,-0.24329417783,0.164876294608,0.0,456.0041667564888,454.57215731422974,456.21952974014187,457.09661262125337
3.3000000000000025,-6.00514667974,-6.78908393854,19.364781473,5.71236390948,0.506024428732,0.0,-6.59032539697,-7.12046144752,2.56369157054,-0.23931471765,0.188761673093,0.0,450.4953494885775,452.45143460364267,452.0473133823102,452.3105811510512
3.3600000000000025,-6.40610022764,-7.2220669015,19.5082367178,5.69759613053,0.517165960393,0.0,-6.77535750459,-7.3129612113,2.21704217504,-0.265387406691,0.178724138226,0.0,397.0040342231583,396.11952624265825,399.0583109253379,396.6003699607841
3.4200000000000026,-6.82158267247,-7.66995718417,19.6354886984,5.68166907996,0.527922735128,0.0,-7.07401956134,-7.61684510934,2.02184035122,-0.265577728121,0.180366340336,0.0,468.3753870552372,468.5323551181046,470.06354962226453,469.9819641850215
3.4800000000000026,-7.25328984326,-8.13446894541,19.7480833549,5.66654192339,0.539264293627,0.0,-7.31642424358,-7.86722307701,1.72923693814,-0.233711147648,0.202309528576,0.0,433.7234386101759,435.5982567784349,433.73306219193705,436.33550752414106
3.5400000000000027,-7.70036649758,-8.61482029387,19.8437576345,5.65238467215,0.551445161603,0.0,-7.58622032355,-8.14459659253,1.45742376681,-0.2408560902,0.204386030376,0.0,451.35554422239454,451.56287673417376,450.53153819600396,449.89841579624607
3.6000000000000028,-8.16416037894,-9.11232804962,19.9232874807,5.63799670541,0.563630020581,0.0,-7.87350940764,-8.43897119529,1.19077301694,-0.237769746498,0.200339037853,0.0,460.99745347711365,460.7162767666414,460.82939433173004,461.01821801255846
3.660000000000003,-8.64324743222,-9.62566151955,19.9838319643,5.62428423325,0.575907997133,0.0,-8.09628329287,-8.672490533,0.825437290776,-0.214591431232,0.212061968557,0.0,421.3216641543028,422.37781681937184,423.02837033760665,424.9651221457107
3.720000000000003,-9.13498015129,-10.1523530069,20.0211342364,5.61131444309,0.588783560274,0.0,-8.29515575251,-8.88437399669,0.416310652229,-0.219501519961,0.219218676984,0.0,405.7692430118414,406.46164129174275,408.4393159542946,407.95018446227897
3.780000000000003,-9.64157253131,-10.6945139853,20.0368723692,5.59764367619,0.601729025212,0.0,-8.59101261399,-9.18747592935,0.105257195339,-0.254975323777,0.207754665472,0.0,462.54484153642386,461.68468261343486,463.9330947876014,461.0869977437095
3.840000000000003,-10.1668633729,-11.2557533979,20.0344500285,5.58227873199,0.614292738593,0.0,-8.91807602302,-9.52010340951,-0.189630070661,-0.258388672714,0.212484337864,0.0,479.24719439174305,479.64631667181095,480.56111518103455,480.241657341523
3.900000000000003,-10.7104070408,-11.8357322538,20.0122595157,5.5668932221,0.627157957497,0.0,-9.19961366928,-9.8123657881,-0.553198842546,-0.25276950181,0.218029320994,0.0,458.6988177766983,459.18288493361945,457.9285602025345,458.31158588421175
3.960000000000003,-11.2696560477,-12.4322223222,19.9664831293,5.55127995431,0.640617422292,0.0,-9.44175525859,-10.0707055912,-0.975428139059,-0.282392668302,0.234604166584,0.0,437.95863243910696,439.3859734902564,440.90025250257975,438.3741758403934
4.020000000000002,-11.8445916851,-13.0453143409,19.8960103943,5.53435712456,0.654745635118,0.0,-9.72209387683,-10.3653942157,-1.37713996763,-0.281366582006,0.237145103608,0.0,459.6357018742539,459.8903533612708,460.9227457116833,460.9263822344121
4.080000000000001,-12.4354371314,-13.6753455675,19.800000288,5.51776802394,0.668713574429,0.0,-9.97217265176,-10.635526635,-1.82639196395,-0.268189704527,0.222286571308,0.0,448.63248134399424,447.4770696043074,446.2186680049633,447.2165046531329
4.14,-13.0411736519,-14.3215710779,19.676395509,5.50134577926,0.681721771644,0.0,-10.2183970535,-10.905249015,-2.29697832944,-0.287958396985,0.202646174376,0.0,448.12436062467435,446.56989588555086,448.53668741321434,446.8515700049911
4.199999999999998,-13.6639185681,-14.986025442,19.5259597306,5.48350457221,0.694051643302,0.0,-10.5383671425,-11.2425468724,-2.72182564843,-0.33288715457,0.210657170055,0.0,485.4717777117372,486.1102461716159,486.4507717010602,482.9873873000341
4.259999999999997,-14.3013283311,-15.66692782,19.3456341281,5.46430872348,0.707082815678,0.0,-10.7081323934,-11.4545012901,-3.29180219498,-0.302017027425,0.227779970083,0.0,416.13805008919775,417.6847175471949,415.2805879528327,417.8674007745682
4.319999999999996,-14.949348749,-16.3610605543,19.1309576198,5.44657933299,0.72064376761,0.0,-10.8919079022,-11.6834778079,-3.86715391877,-0.2849048654,0.222238918165,0.0,425.35677802282487,424.9349391154545,425.56751409122154,426.93732541783464
4.379999999999995,-15.6096087166,-17.0701162808,18.8821487024,5.42947970441,0.733719200074,0.0,-11.1157213119,-11.951637417,-4.43014583306,-0.285171854947,0.207502169829,0.0,448.63537555417366,447.48287980280065,446.97790669752385,446.87425136928977
4.439999999999993,-16.2811560937,-17.7936434161,18.5974175033,5.41213066829,0.746192683619,0.0,-11.2686245123,-12.1664503208,-5.06397675049,-0.298585037362,0.208657355503,0.0,416.3142585694721,416.46108570547017,416.9824007908464,415.71667514093036
4.499999999999992,-16.9621911812,-18.5305238206,18.2743183048,5.39413926517,0.758399703279,0.0,-11.431712502,-12.3965980836,-5.70946778939,-0.302522478831,0.190226625891,0.0,424.4409339007286,422.897693862181,423.66960227708506,423.23418968210495
4.559999999999991,-17.6548456159,-19.2829343782,17.9130985641,5.37546713456,0.769862068286,0.0,-11.6552432587,-12.683595449,-6.33554420127,-0.340532074526,0.192614900497,0.0,455.19726157884486,455.42302079649346,455.56014414325347,452.40910723888555
4.6199999999999894,-18.3579620186,-20.0503937502,17.5117612258,5.35509847621,0.781743480631,0.0,-11.7810024676,-12.8988285883,-7.04610760696,-0.337453778442,0.207080799953,0.0,413.85171689971656,415.16507135787066,413.5807967899588,413.7242180897803
4.679999999999988,-19.0699782206,-20.8321120331,17.0679458942,5.33526971339,0.794151697426,0.0,-11.9513374617,-13.158480492,-7.75224748548,-0.319308933588,0.206244389232,0.0,438.27001166563275,438.2431475531755,437.7300711777917,439.1242930104864
4.739999999999987,-19.7933875414,-21.6306069948,16.5816782466,5.31600828106,0.806839609167,0.0,-12.1602898119,-13.4577270535,-8.46186013995,-0.32468462618,0.220254422229,0.0,460.00495584989505,461.15582861363276,459.68069163714625,459.1523379344223
4.799999999999986,-20.531468644,-22.4490059674,16.0531393204,5.29737375806,0.819623201287,0.0,-12.439507691,-13.8212386539,-9.16231660787,-0.291560169077,0.19209739565,0.0,495.5989597227149,493.5628297742831,493.4950151664099,495.84607068961617
4.859999999999984,-21.2835763494,-23.2873696295,15.4802146484,5.27992674465,0.831735609937,0.0,-12.6287029345,-14.1242094165,-9.94082033928,-0.289277556973,0.216454329821,0.0,465.2196990206676,467.1613930390275,465.6742875795924,465.77127271325935
4.919999999999983,-22.0460595944,-24.1434886557,14.8591420206,5.26252580292,0.845197547148,0.0,-12.7854824689,-14.4133428485,-10.7674267959,-0.291530523233,0.236734987085,0.0,457.3848948609821,459.04605228507245,458.5515879249643,458.2898168994907
4.979999999999982,-22.8173644801,-25.0168700183,14.187177945,5.24634996805,0.859448398602,0.0,-12.9228402894,-14.699879656,-11.6375107828,-0.244352945018,0.239025773988,0.0,456.3157830983442,456.55338633135136,453.08976057808286,456.7947369542705
5.0399999999999805,-23.5964408098,-25.9074964192,13.4616923544,5.23129757253,0.873632754307,0.0,-13.0447531869,-14.9886247269,-12.5518252923,-0.268899785608,0.230583660668,0.0,453.69888689896203,453.0745568247569,455.85611396483256,453.8263500019802
5.099999999999979,-24.379768252,-26.8136665646,12.6788749306,5.21505805004,0.887573986861,0.0,-13.0653446618,-15.2188815125,-13.5484484078,-0.274422116,0.235671827267,0.0,415.43921469572547,415.9432617717881,416.2980502884373,415.73458681931174
5.159999999999978,-25.1670855893,-27.7361096806,11.8360598427,5.19922537976,0.901607143254,0.0,-13.1766096899,-15.5302178008,-14.5531657789,-0.248449999499,0.230059096827,0.0,456.6361576512368,456.240771778747,455.4249745240551,457.43007352167524
5.219999999999977,-25.9599653561,-28.6769569813,10.9310748826,5.18396532563,0.915875868716,0.0,-13.2511624841,-15.8329711711,-15.6212642541,-0.269908719324,0.249983172725,0.0,445.80286668047364,447.48467440623205,447.7827057661541,445.96686571411203
5.279999999999975,-26.7551194087,-29.6350197543,9.95962447049,5.16765551748,0.931187716274,0.0,-13.2529052564,-16.1046517403,-16.7691241493,-0.275969645587,0.263974373658,0.0,419.7996328575153,421.08205387697427,422.4842598582776,421.88188547929656
5.339999999999974,-27.5504754566,-30.610048085,8.91757264515,5.1508660738,0.947337556963,0.0,-13.2576555335,-16.3984558358,-17.9757308438,-0.288906852368,0.277904720534,0.0,424.2403586374168,425.51216257523663,427.22636586732716,426.03765430362296
5.399999999999973,-28.3508022418,-31.6063576185,7.80255637686,5.13309229629,0.963679166509,0.0,-13.4165543036,-16.812370653,-19.203506151,-0.317766474663,0.258000288942,0.0,489.08652672366634,487.6679392231684,489.6586789910774,487.4233340651354
5.4599999999999715,-29.1532784817,-32.6233733922,6.60948146751,5.11396363245,0.979043578131,0.0,-13.3318056598,-17.0907667427,-20.5774638522,-0.320980404774,0.251920925197,0.0,403.25835686275076,402.7816039858581,402.3827257310867,401.97563243375856
5.51999999999997,-29.9544853712,-33.6600805107,5.33250470181,5.09471707391,0.994113918125,0.0,-13.372608911,-17.4674928737,-22.0025764455,-0.320371332731,0.249634872621,0.0,455.1228936213057,455.00141577557173,455.4117895233893,455.35794557239626
5.579999999999969,-30.7604141329,-34.7213407664,3.96770347849,5.07529163365,1.00904661207,0.0,-13.4881380754,-17.9084465335,-23.5071411158,-0.331549851344,0.247323709755,0.0,488.27291489303843,488.1563262807686,488.4959163530354,487.56361375547874
5.639999999999968,-31.5673896343,-35.8061521299,2.50804981992,5.05567269443,1.02386817141,0.0,-13.409753045,-18.2542363932,-25.1652884555,-0.319151648146,0.24642508491,0.0,425.1288156156492,425.1159051263162,424.97043839580544,425.91779583817765
5.699999999999966,-32.3732862603,-36.9144052124,0.946017794453,5.03653572509,1.03921088963,0.0,-13.4506943644,-18.6888296052,-26.9228167072,-0.318549297908,0.26972711655,0.0,472.11955470206937,473.9760044157803,472.45420961223715,472.4032253120875
5.759999999999965,-33.1772974845,-38.0469032443,0.0,5.0176096108,1.05535671043,0.0,-13.3487482087,-19.0637826092,-28.849638469,-0.309853128743,0.267809105655,0.0,426.47188859612277,426.3843391511229,426.7348218016296,427.37095737696296
