Episode,Reward,Action,Best_Score,Position_x,Position_y,Position_z
1,63.81331088794564,"[443.75178146405767, 448.43026523783271, 449.94287982202627, 443.72694841033331]",63.81331088794564,-21.608587224918942,1.7495673339070599,0.0
2,45.638153061135945,"[800.41325042729898, 840.53486955750384, 773.27307913061497, 348.78343061679618]",63.81331088794564,-6.74490114682549,0.7624625417266951,0.0
3,25.06370031548981,"[834.72931301842732, 850.03794501234051, 750.35723386242023, 792.44801235999864]",63.81331088794564,-11.187157625675868,-5.62052636348569,0.0
4,39.73753724678493,"[894.07796744401048, 894.85892640210886, 888.96447937057326, 897.09398877398041]",63.81331088794564,-29.255633699195357,25.47901774208238,0.0
5,94.1163132497637,"[900.68314880398759, 900.04698580992033, 899.44326934503704, 900.01785566307774]",94.1163132497637,-51.36192999553795,3.4089343153942764,115.70692774632538
6,29.652545239395618,"[533.48118087836838, 805.29658015311009, 869.22808027230872, 805.88147548142263]",94.1163132497637,-3.486464689525221,-2.1549827415513154,0.0
7,27.390490063678186,"[526.50516887119181, 650.76544197456894, 741.19776722026347, 645.5783157883908]",94.1163132497637,0.7075295938042816,-0.13543078483401164,0.0
8,27.383815013371493,"[682.96200252244421, 759.67889974545642, 850.25312085262738, 743.61318308087823]",94.1163132497637,-1.5555027824508258,0.9870616592634287,0.0
9,93.69080959912881,"[901.06036394420767, 899.38658262568015, 900.97341117681901, 899.48994071808386]",94.1163132497637,-55.73666420372283,139.05619555071348,23.423219409045256
10,94.84877415133606,"[900.68162963309203, 900.21084951674072, 898.99035804176447, 900.23116359855749]",94.84877415133606,89.52188792763985,-12.113960485645437,22.549656142735813
11,55.729827043568626,"[900.48793583372014, 899.64539401551679, 900.3515087859098, 900.33172983842439]",94.84877415133606,-32.22486109872585,8.873076029868432,0.0
12,45.49471917099849,"[899.5838247152526, 899.5940499491287, 900.25480954845909, 900.48540953830843]",94.84877415133606,-37.90941611020688,2.673607863556686,0.0
13,66.60920844698221,"[898.84112394493525, 899.71443583074222, 899.64576597792131, 899.82253097377293]",94.84877415133606,-150.0,-10.544265228634865,47.91557141963872
14,45.38302205263814,"[900.15729666572884, 899.64853617395499, 900.14949001089565, 899.32378394185343]",94.84877415133606,-20.987338567442364,-29.51915113278954,0.0
15,89.40322668139606,"[900.07388866268707, 900.280611134276, 900.28895911085078, 900.26684031764773]",94.84877415133606,-59.89394576471172,-87.55871317693925,0.0
16,93.74669127157766,"[900.29445357911743, 900.16249990450865, 900.5796892798229, 898.76441492880963]",94.84877415133606,1.386436497894917,-132.34140656773337,24.111963065625815
17,94.01242804369575,"[900.27125247164213, 898.8429529689854, 900.43844422619975, 900.61101377320131]",94.84877415133606,26.74210141060429,-21.612582077743525,142.6492563701753
18,93.89335272854353,"[900.9434795412501, 900.90616068543773, 899.32499651220633, 899.99631087557475]",94.84877415133606,37.06774779278957,-56.65389978264873,101.34773824223191
19,78.30044587166525,"[900.89582011565813, 900.30270320996215, 900.624945923876, 899.85358862705004]",94.84877415133606,150.0,45.91812826269758,300.0
20,93.91135328889705,"[900.42261209064191, 900.35511967364005, 900.13792611049792, 899.35734253223791]",94.84877415133606,-68.66371900451489,-7.261178451330998,109.6540262398767
21,93.56514710920929,"[898.8175418120652, 900.13816558002486, 899.88408618221592, 901.02530794136271]",94.84877415133606,150.0,139.60155766568658,300.0
22,90.27293213625828,"[900.71161819851272, 899.72322726259154, 899.12659932404574, 900.03376500893228]",94.84877415133606,20.961274544701347,150.0,300.0
23,93.77606124026762,"[899.01340520890949, 899.7746079629818, 899.19031944612607, 900.32938979565949]",94.84877415133606,38.313411637185226,-52.46351060077528,125.15925627563783
24,94.08825404722724,"[901.09313158880082, 901.15883324347817, 900.5038505265868, 899.8109352944399]",94.84877415133606,-20.511952045956505,-22.660257558619545,134.52893342257826
25,93.85301141324624,"[899.42738819659144, 900.35111047700514, 900.24856130743126, 900.73593723685656]",94.84877415133606,-17.027450984244684,-47.73101342086603,132.9712474876367
26,93.88467556303324,"[900.98348974877797, 900.13976045513039, 900.31059904959363, 900.17530583013331]",94.84877415133606,-78.685518868452,-6.480539795439282,93.99353741934165
27,93.83170243040082,"[899.88072783515099, 899.7348344524961, 899.07263583648353, 899.46997064907919]",94.84877415133606,-7.111856312555633,-60.313251114653994,134.08343054135696
28,93.86091284705736,"[900.22216495333191, 900.47173524286518, 900.58269153996957, 899.78943703353616]",94.84877415133606,44.30254146545437,22.928494150975773,155.15442153100312
29,94.11842783820417,"[900.06541922621113, 899.19351375566305, 899.6858147704678, 899.53944048573419]",94.84877415133606,-9.492938663641628,19.825578439117816,138.83081499183496
30,93.86445056446152,"[900.24391885940076, 899.42406854050489, 899.27046404832595, 899.9064065598368]",94.84877415133606,-63.89594943416933,9.644606266476877,128.47518507375398
31,93.84654469504561,"[900.09237010188633, 900.42048927412952, 899.69552625744029, 900.07537929613522]",94.84877415133606,-26.993599681065948,-42.93563729389653,129.06238607998802
32,94.14127893558886,"[900.05621712247137, 900.63389124778735, 900.25108941935457, 899.15909963343699]",94.84877415133606,21.804995943749105,0.1723237901194173,147.86641365571052
33,94.08799662404448,"[899.27271523289255, 899.91294474315407, 900.37685555341, 900.33295703666374]",94.84877415133606,-3.768685651231621,-41.72238292996762,128.76560197480745
34,94.13836751841224,"[899.87890546947256, 900.02713533830615, 900.15669483041904, 900.15994103958053]",94.84877415133606,-18.86986435747166,-4.297873525805483,141.7845387354432
35,93.81155246718376,"[899.4585584274239, 899.53840896792292, 898.54127803370261, 900.67960148973441]",94.84877415133606,-94.93495013500257,2.3839069675152262,83.56497284563707
36,93.77036409139173,"[898.93089721057049, 900.23958938772591, 900.75500766205846, 900.63298543127905]",94.84877415133606,-14.545722684073823,33.237967692357635,164.20065706919127
37,93.76935973402615,"[900.42255797570158, 899.62107195464478, 901.21694805082302, 899.97644509834811]",94.84877415133606,39.398921840931266,-53.30078412293287,117.94258304721372
38,93.79102884681906,"[900.41399731574677, 900.14218578529869, 900.90443846118035, 900.35717750679976]",94.84877415133606,-28.726115168282654,-72.37414456529807,97.88312361494432
39,94.0837852778077,"[900.39541453574054, 899.294323037754, 899.96999946145286, 901.2817465311856]",94.84877415133606,-53.99544764269186,-2.1958885298628164,117.71770834080952
40,93.90183182784115,"[899.71106910622393, 900.17225869012384, 900.24635526429927, 899.25354975202345]",94.84877415133606,-82.87256435903164,-20.763001726143226,75.41081753992668
41,93.92382286376514,"[898.8954747095803, 900.38954592815696, 900.46867411408527, 898.6849883949011]",94.84877415133606,-48.74582962605693,12.711742414548418,154.28975591352582
42,94.093425722939,"[899.01699784693881, 900.60803662380283, 900.11975907908914, 900.29095894501211]",94.84877415133606,13.846454796947846,19.327699158753404,137.87402864928927
43,94.0111837737809,"[899.37037964619003, 899.47607854241176, 900.68529325145914, 899.36272220041292]",94.84877415133606,-62.51133745642053,-7.526591418896711,105.21658645586996
44,94.15231513601204,"[899.31837744279119, 899.95338866149325, 900.27607528677231, 899.35743504542052]",94.84877415133606,10.120338289849588,-15.958946864490741,138.810940200108
45,93.97943817927194,"[899.78079293178234, 899.40002783311661, 900.29896585356539, 900.02904119246068]",94.84877415133606,23.092255711901867,-37.959665937267914,127.3390763968437
46,93.77766798715527,"[899.75743812186272, 899.88927054866144, 900.80815354706044, 899.24902851758452]",94.84877415133606,-8.79488329845551,-101.16685873479368,83.91258539561552
47,92.0875993294712,"[900.29153339127583, 900.02011871115803, 900.2527842580098, 899.50469301662201]",94.84877415133606,-92.4272416327421,-71.66610385673454,300.0
48,93.8596964254966,"[899.82244237353063, 899.57459329471828, 899.40330102424127, 900.0124908086284]",94.84877415133606,14.491046977585922,21.25917539998953,244.79737242701827
49,93.82123146645984,"[899.71865623190661, 900.17476996570122, 901.08253543462024, 899.99157787788749]",94.84877415133606,-41.170316948179966,-48.21051849290086,115.89081379557629
50,73.87555884775712,"[901.1236477193346, 899.91438041561355, 900.75438712575783, 898.80885700896226]",94.84877415133606,-18.08168747895071,132.92050859475546,300.0
51,90.32082104855023,"[900.35456285330315, 900.5532050379403, 900.34560932451416, 900.70739194807152]",94.84877415133606,13.825983547782801,150.0,300.0
52,93.93370271241218,"[899.72015744342559, 899.36786303013218, 899.86492308560719, 900.44570848224316]",94.84877415133606,-58.32235531199293,10.458484749936126,118.7615076868788
53,94.1383608693068,"[899.96369972744787, 899.92627737285432, 900.80583958048021, 900.80438955292686]",94.84877415133606,-6.9247539666605356,19.695748744517907,138.133154969224
54,94.04735707589546,"[899.93626289256963, 900.49580992335257, 900.21338638903444, 899.95579263743377]",94.84877415133606,15.410088312456633,-32.61767742146226,132.10361803337378
55,93.71511867329592,"[900.26580173567402, 899.58447230725335, 899.88766064227832, 900.32440610668789]",94.84877415133606,34.62761210768363,-61.17508615958574,160.1027515875084
56,93.73077696777045,"[899.45514181623378, 899.70830937652681, 900.35039026973891, 900.04469517459324]",94.84877415133606,-63.398717706335276,17.83970115394733,134.48048363647385
57,94.0114881595448,"[899.4631717102684, 899.85309085112453, 900.28299020003294, 900.13764540199895]",94.84877415133606,-39.4643479971718,-16.253205928686956,129.34220448791322
58,93.93913551857524,"[900.13963784658574, 900.35022696618125, 899.51092081161937, 900.4296411692668]",94.84877415133606,-67.80019266311471,-11.751364388605104,115.34561393306247
59,80.1823013516412,"[900.01738947657452, 900.0907113947228, 899.87766704202215, 898.78157838978882]",94.84877415133606,59.59497144796727,148.53654817063028,300.0
60,89.28478819862804,"[900.12741030406642, 898.61810203651976, 900.5080400331052, 900.22503489572205]",94.84877415133606,138.91589102883393,66.28755271826572,300.0
61,93.91303151880274,"[900.1556435141722, 900.08972437030855, 899.56632856844442, 900.34442556091494]",94.84877415133606,31.190327237083448,-37.605880614919876,126.55910428637556
62,93.8705233097489,"[900.2757169253556, 899.77334927076163, 899.53207449103297, 899.41369476424234]",94.84877415133606,-79.38597781630473,8.179629569589778,97.04998935913203
63,94.18068223129285,"[899.84192215286077, 899.68566840621622, 900.43410167554418, 900.04006161187579]",94.84877415133606,8.412853541838281,17.292425720235453,141.37437062987206
64,94.18389381151152,"[900.62228454119031, 900.40245173199719, 900.53717885762001, 899.73032312166083]",94.84877415133606,7.000087745015089,-33.229288427206924,130.73922073605735
65,93.79210974335392,"[900.81569300096328, 900.5419332363108, 899.39226716675864, 899.03362457459662]",94.84877415133606,-40.185587616162216,32.33726977622767,128.02502302423568
66,72.8077166056644,"[899.29048088410843, 900.82812926286476, 900.92242535286368, 900.0179679127275]",94.84877415133606,-0.27218983151396725,150.0,300.0
67,78.14004944141747,"[899.52384480617332, 900.59340995332525, 899.94929039492581, 899.91974981120063]",94.84877415133606,35.215249245508495,150.0,300.0
68,77.1598234636465,"[899.74512051382408, 899.98444251835053, 899.47494828820345, 899.71533245389094]",94.84877415133606,-29.568341827954665,150.0,300.0
69,93.89696471119721,"[900.19197896315632, 900.77015114295045, 900.54298281908234, 900.05330082389219]",94.84877415133606,-19.80979337890642,-58.243479219599074,116.30405460224125
70,93.73974556455262,"[900.26498474515176, 899.97647629455548, 900.14415287945917, 899.33458719413215]",94.84877415133606,44.502913605083506,30.81717346202084,185.83743114918812
71,94.10333058052669,"[900.31222509474003, 899.24259918371786, 899.50963735796449, 899.51635194337439]",94.84877415133606,-54.411680372721456,-1.9259600618888446,113.34563085762777
72,94.27947087049704,"[900.81678288240619, 900.09173851595267, 899.9940160825937, 900.02822386384764]",94.84877415133606,1.37942913834034,4.804319623143142,138.85710934831812
73,93.92463958941315,"[900.51114121092485, 900.13403223813623, 900.14663547865189, 900.22180871081196]",94.84877415133606,-8.223098636835427,-63.387217695214666,115.00951617169085
74,93.68408656297845,"[900.12374441176587, 900.13454225003522, 899.15593565328447, 900.4374152358937]",94.84877415133606,-75.2747626603824,-27.587909908270323,100.72239757363967
75,94.03998018294374,"[900.26783396292046, 899.7615398314399, 900.15691505082225, 900.68418171154758]",94.84877415133606,-44.30424003093504,9.7251759013802,125.84422131130323
76,94.18634233662166,"[900.61867485021855, 900.44926478864909, 900.10430518438852, 899.61452897983497]",94.84877415133606,-36.73641000052532,2.3875541615260754,128.9199416416622
77,94.19610981459299,"[899.91117320248588, 899.82634735450097, 900.0059185957125, 899.77381335517839]",94.84877415133606,-31.054572622449562,3.6228952650139297,134.68337218091332
78,94.11034315052967,"[900.22856695275868, 899.19520687878753, 900.5528148563626, 900.27188324988197]",94.84877415133606,-17.81595941849616,-25.33136526447036,133.6813950998458
79,90.35461517981953,"[899.60796273323604, 900.36310288699019, 900.48396449912104, 900.38025676856842]",94.84877415133606,24.427547276636833,101.78346090533205,300.0
80,94.12138999833971,"[899.80292511348443, 898.99821160457725, 900.69309556679934, 900.31391411013669]",94.84877415133606,5.378085495774113,-19.72070553054309,142.868071801793
81,94.19446934624101,"[900.11671471271336, 899.8320341149448, 899.92792370699624, 900.21072036001794]",94.84877415133606,15.949214745411592,7.367287625497673,137.0034221146078
82,94.29409313052443,"[900.56741245386331, 899.91620336471055, 899.13593020927249, 900.11500509634732]",94.84877415133606,5.860162142557756,-1.1405084957654832,138.04616181863622
83,74.90103401394549,"[900.06924270968898, 899.62386158008394, 900.47495693679525, 899.5640465746942]",94.84877415133606,35.43469617648653,150.0,225.28954289560554
84,94.05831325409292,"[899.01400057353487, 899.25099978467426, 899.80954417745863, 900.32741937620642]",94.84877415133606,31.675117228868565,-5.835413748951619,137.00767409837195
85,94.01000125109415,"[900.60207585930004, 899.40292486960652, 900.65026386868828, 899.82953997928723]",94.84877415133606,-16.00868180914412,-43.89772955538337,126.64828756635383
86,81.38967228310383,"[899.43873429107236, 900.97974529561611, 900.35539211732453, 900.68647715848999]",94.84877415133606,45.15672069562369,129.81775022150006,300.0
87,93.74212957320239,"[900.35724705378686, 899.66453571661998, 899.51501868940807, 899.58138066153992]",94.84877415133606,-48.5642694899218,-48.16115623943364,111.39329736934965
88,94.2674311187013,"[900.80867374853688, 900.04968142381063, 900.43905407513523, 900.19150710024871]",94.84877415133606,-10.089587905214486,1.225264652574676,138.03183260389392
89,93.74933409362671,"[901.0070934102614, 899.11630509887391, 899.96877618871918, 900.3331222851848]",94.84877415133606,-55.77741574862594,24.809331074653098,165.74137410017966
90,93.97538386623057,"[900.1430342517084, 899.98898644303711, 900.64163549234206, 899.51258833340569]",94.84877415133606,48.47773658540589,4.9289994204238825,180.7777159573543
91,90.44382885134297,"[900.48881929329684, 899.77810165965639, 899.18468362472765, 899.00969259235194]",94.84877415133606,37.572595289187305,-30.128799340919596,300.0
92,72.74343543301283,"[899.47426269135656, 898.97301151009867, 900.01334806687396, 898.86706759610831]",94.84877415133606,9.984728069608645,150.0,300.0
93,93.85078937315807,"[899.17642858608815, 899.60166229112519, 900.929959962373, 900.2016884691966]",94.84877415133606,-63.046376181145384,17.53781509058132,110.00415829961894
94,94.2159906759355,"[900.17254485289652, 899.68625887691508, 899.93760783181403, 900.26906187809561]",94.84877415133606,-11.22514869617451,1.6319369605503484,139.19247432069804
95,93.99058038983985,"[899.6783492813779, 900.21727277911577, 899.26518074246212, 900.24055100881321]",94.84877415133606,-2.983470561523694,-15.344612459166289,266.5886658933726
96,93.94269034843383,"[898.89944323175473, 899.71979536738968, 899.83287121059016, 899.68169709948859]",94.84877415133606,-53.010171648556636,-13.30392946612559,121.98757838284467
97,93.8774425056875,"[900.64240824097612, 899.71229139486502, 900.90647133221375, 899.29019771787193]",94.84877415133606,-30.58966304783453,-56.20053467959396,112.36837290583868
98,93.96378844845101,"[899.36522958732542, 900.67295550190499, 900.05303401619756, 899.60506208436334]",94.84877415133606,30.406387450965077,-20.56889865952376,169.36056017170682
99,93.20559748054217,"[899.3727608968087, 899.96758936543779, 899.58451115727132, 900.10867275522253]",94.84877415133606,68.07558802473056,106.30684455053186,273.1180325478016
100,88.02873160090155,"[900.58829638322459, 898.92585900901065, 899.81057763297315, 899.55008619193723]",94.84877415133606,118.57251347445266,150.0,300.0
101,93.82729184572784,"[900.8791403830744, 900.48018919477363, 899.69144671455217, 899.81728714952249]",94.84877415133606,-67.46076392833385,-18.9767083462254,106.8314938008573
102,93.95228850322482,"[900.26812427255038, 901.48050505841354, 899.48939831509574, 899.6918761267284]",94.84877415133606,12.005083269370724,-54.63777218974781,153.86820069882455
103,93.80323455524399,"[899.79665648860498, 898.25656087010918, 900.40183351881603, 900.88216976227602]",94.84877415133606,-40.63648513456169,-67.49772582302195,88.75458143752816
104,93.89201933848973,"[899.56125251690855, 899.7133234964158, 900.01940285042724, 898.89662887874931]",94.84877415133606,-47.78982387967526,-24.708197378656944,122.79514770112512
105,94.07589205110185,"[900.34877725695333, 898.73664256065649, 899.54989735789559, 899.65668324121896]",94.84877415133606,-31.469198207429606,-11.010609059431745,141.49874022275418
106,91.04495273769467,"[901.47811841048292, 900.65169490995902, 899.18804153753638, 899.59994770878541]",94.84877415133606,63.4860428620662,-150.0,102.72028560727398
107,94.22581206120121,"[900.13690932086354, 900.60513058090237, 900.14661165662369, 898.91904113007024]",94.84877415133606,-21.90586461641702,3.563976793786468,133.43574091745438
108,94.0284225566926,"[899.81930734402295, 899.80013817894178, 899.73730576712239, 899.1648332005434]",94.84877415133606,-0.418121508161881,36.92477424708759,139.0311820957018
109,93.98718098693953,"[899.26519523474929, 898.74620217480549, 899.85370062552943, 899.82241240711778]",94.84877415133606,-58.31349986888951,2.233176390898969,120.0993816075318
110,93.87951066767124,"[899.99522745429124, 899.76064481137666, 899.7028320107064, 899.81381940585538]",94.84877415133606,32.677394523154526,-49.77899490271486,130.54584532231777
111,93.76963683896115,"[900.03043222447445, 899.99874105865092, 899.71545546570349, 900.48184456700608]",94.84877415133606,52.96871641645516,8.155419325524347,167.62566363466377
112,94.05874865961403,"[901.06077092072326, 899.82896231454436, 901.64150172863845, 900.14710464446614]",94.84877415133606,-10.726236168614204,-24.25254192913067,138.55256784598959
113,94.25657561297855,"[899.57337834152452, 899.48628443806342, 900.3013550961158, 900.71453869296647]",94.84877415133606,3.899708736804941,-2.0362376625653402,139.35494620708755
114,93.99244330672511,"[900.02049957129429, 900.31727464584094, 900.00802189553031, 899.44036198371953]",94.84877415133606,-16.87627195305608,-32.33794692912477,164.60824449228684
115,93.54502165890263,"[900.00669221755652, 899.95613817443166, 900.48267256916608, 898.98335746128123]",94.84877415133606,45.07890095567215,45.73011790841765,179.38679707648706
116,93.95469615639281,"[899.53761238072195, 900.1911898047008, 900.41658443574784, 899.77470919885718]",94.84877415133606,-52.47529125886196,-11.156366078969077,128.46090831020268
117,94.1021275972635,"[900.01335335893714, 899.57157289512918, 900.16572127695122, 899.60579783350818]",94.84877415133606,7.871170732641468,26.05475359910227,137.6655690868164
118,93.64253794607092,"[899.47957419778197, 900.59386339690855, 899.63353260910526, 900.18570332669776]",94.84877415133606,-55.87963263398276,-69.49736937558107,83.24925601851513
119,94.1658460210517,"[899.71021556806238, 899.52090601739201, 900.93128508014797, 899.96077654075214]",94.84877415133606,3.7228591311107246,15.920671976435136,137.49284503541745
120,94.20741399753749,"[899.8243863972516, 900.02906468047354, 900.15660789647006, 900.12438600172493]",94.84877415133606,-14.009845185168874,6.789901049142038,136.84099240879385
121,93.91617293164944,"[899.52318460404706, 899.79848402840094, 899.96851963889719, 899.92722668520855]",94.84877415133606,23.83008100016512,-47.316414911458516,130.53109774453677
122,94.01135504570398,"[899.48281453964023, 900.30122888434994, 900.2851319252045, 900.37580265333384]",94.84877415133606,-36.877102827161245,17.334184619382818,131.66614168247023
123,89.97825610541227,"[899.5559126262508, 899.60359408826616, 899.63427067426892, 900.13904222975714]",94.84877415133606,-72.67679314940796,75.21721201538416,300.0
124,92.25693942066694,"[899.82464868077761, 898.98445579634983, 900.49818234920497, 900.12259792960981]",94.84877415133606,57.14284375926111,17.559525944910078,300.0
125,93.61390345255518,"[899.20793705201345, 899.3935706008009, 900.08094257711241, 899.68708548702045]",94.84877415133606,-35.02234838179939,43.55117470067886,300.0
126,93.56757350448464,"[898.63269254960255, 899.39232863699613, 900.02223585672812, 901.3582968105211]",94.84877415133606,35.35677203031042,-86.32943811604429,126.28034693005517
127,93.69118179995834,"[899.88794669477556, 899.88378966033861, 899.49349473091183, 900.62574474082714]",94.84877415133606,-63.524811804248124,28.17411486455546,114.12082962982048
128,93.90423207656406,"[898.83748105455231, 900.66616396425479, 900.33006668729308, 900.93243696043214]",94.84877415133606,-60.77168785367916,14.395490269981181,113.43458339923406
129,94.10314478657193,"[900.11937043947978, 899.89182826232513, 899.45943727548502, 899.83089722258705]",94.84877415133606,-29.406361929003815,-14.778097130057997,132.23029576974105
130,82.4145202229658,"[900.30875160871187, 900.53610252805356, 900.51485883975067, 898.68504322408921]",94.84877415133606,71.57067490106097,89.32395304808524,300.0
131,81.43895380133478,"[901.78156408051132, 899.98528652738742, 898.74665077683687, 899.83708355066869]",94.84877415133606,-38.23535462453887,150.0,300.0
132,93.84869719643677,"[898.7768590621406, 898.9494623901968, 900.02790875612459, 900.06137578499442]",94.84877415133606,-63.16268386884173,-27.537223897281837,108.48625205682048
133,94.09262486519458,"[900.01896712899145, 900.23666356514332, 899.49183029288429, 899.45325170722629]",94.84877415133606,-40.84109897190521,4.133715823589058,133.01139521610395
134,93.88619501957034,"[900.0729907522956, 899.9262853215638, 900.28969657876769, 899.46430674207716]",94.84877415133606,-26.409285733055995,-50.6888041856566,121.01414404240647
135,93.89566481001096,"[898.51361273031796, 900.54562928714438, 899.8914554823931, 899.98328309037106]",94.84877415133606,14.249853943008352,39.29451966513951,144.4122346566545
136,93.73258678118616,"[899.90802246483463, 900.24050455601503, 899.81131475939685, 899.9605673358642]",94.84877415133606,15.924510127393303,38.23131606713688,174.85538947913733
137,94.02030243042007,"[899.75233767643067, 900.93057832715431, 899.60138514829953, 899.98331569642153]",94.84877415133606,21.383694341020814,-26.670226539664537,153.7948680325915
138,94.00204418308677,"[900.44161218670592, 902.00067785881072, 900.20339135190682, 900.04681610242221]",94.84877415133606,-24.81629018463664,-64.55136999650108,89.8557620754495
139,93.53261810351387,"[899.90535959086742, 900.52514984590198, 900.00764642158367, 900.2877746072993]",94.84877415133606,56.27523143340994,45.30624574012725,186.46625874670025
140,91.14524343307642,"[900.23152447141445, 900.79246447396861, 900.98941559587729, 900.72064607071104]",94.84877415133606,21.079294074770928,150.0,300.0
141,94.11872698418549,"[901.25011323344836, 900.15746842200963, 899.39953620598078, 900.06026835690045]",94.84877415133606,10.380830032794941,22.33869201282565,138.04582520926644
142,94.17060828053162,"[900.47957780818206, 899.59523684719227, 901.06555560832601, 900.52934471738536]",94.84877415133606,19.809719766512597,-4.4353359186651575,140.33156957205927
143,50.186779887700986,"[899.62030179048713, 899.31804996057213, 899.06918300376901, 0.39389759068439478]",94.84877415133606,-3.5814577323892656,-4.533016176139188,0.0
144,33.07488727532141,"[899.41208916088544, 900.15177541531602, 901.05684794054253, 0.40197344225652787]",94.84877415133606,0.2504026953207454,6.712929670562653,0.0
145,33.07289842486708,"[900.38887493606649, 899.50728188095411, 899.71136220150834, 0.37581492299931185]",94.84877415133606,-0.8261991550453837,6.813361477426363,0.0
146,33.06882351596122,"[900.08541256633771, 900.27779542327823, 899.40142776662697, 0.28548987347205729]",94.84877415133606,-2.829195631046247,6.790806516420976,0.0
147,33.07287109668827,"[900.4643532933701, 899.69896666462864, 899.12237090667281, 1.3413452425113417]",94.84877415133606,0.6692252649603951,6.822107960290452,0.0
148,34.20864797541421,"[900.5072781575459, 900.73004515192144, 899.59825794414894, -1.1620072196329498]",94.84877415133606,-2.025791161507914,6.939391013353631,0.0
149,33.07040008051653,"[900.35768625103685, 899.77617847192914, 900.17343217878647, -0.29274706484788388]",94.84877415133606,-1.4165222390969276,6.842579784258945,0.0
150,33.07264873599357,"[899.54856055261257, 900.09185863544542, 899.52368009482598, -0.21415080297355535]",94.84877415133606,1.2979099963935523,6.761081050648269,0.0
151,33.07130703119127,"[900.40139182883456, 899.70619565644211, 900.80368160991509, 0.0090920964151547379]",94.84877415133606,-1.5693781197910939,6.811600940514854,0.0
152,33.07270891632351,"[899.81765626259812, 900.02360047554532, 900.35304668360243, -0.21807176472980844]",94.84877415133606,-0.34242436579853075,6.78840992283819,0.0
153,33.06915916078669,"[900.87831304502095, 899.79458025355359, 900.4794899001954, -0.19993778210807911]",94.84877415133606,2.190335005197843,6.770036154165613,0.0
154,33.07340204209251,"[900.1832936664008, 900.12465034462502, 900.34137858693305, 0.21666690471097411]",94.84877415133606,-1.1247413821013952,6.754768275017831,0.0
155,34.20985284185698,"[899.53573576582767, 900.25879025480992, 900.06656515183738, 0.45153287386162411]",94.84877415133606,-1.1929260583705872,6.997882358096969,0.0
156,34.20906687217544,"[899.82636250969028, 899.75376738037392, 900.13763328493076, -0.21899357628795552]",94.84877415133606,-3.0845689154205878,6.76190896637951,0.0
157,33.07176812241783,"[899.90887559604175, 899.37272200317204, 900.11218371949565, 0.20099259047581503]",94.84877415133606,1.8075809483905645,6.718764847047874,0.0
158,34.209507602204354,"[900.18660492260165, 899.95636205383221, 899.88624845009213, 1.3389661077779005]",94.84877415133606,1.5645185101043284,6.9236440431033595,0.0
159,33.06943418097341,"[900.17921806827553, 899.12706375640732, 900.33547145451337, 0.24275347886029358]",94.84877415133606,2.687802442667619,6.732313184204183,0.0
160,33.07473473039319,"[899.42250263616063, 900.34121229609968, 900.11483715056181, 0.72005449838550617]",94.84877415133606,-0.24576072144362082,6.751414648381855,0.0
161,33.061146610004265,"[898.90196088935272, 900.32075641624624, 900.83127976894536, 0.18201828223676275]",94.84877415133606,-6.806763112157884,6.699103176913417,0.0
162,33.064897256180686,"[900.1617132646229, 900.4236978233838, 899.58393221273184, 0.84889767866647181]",94.84877415133606,-4.111341805840186,6.788549378184886,0.0
163,33.0678362446354,"[900.36503059279482, 899.67820250255068, 900.12470384238316, -0.74441282691543154]",94.84877415133606,-2.885867715915043,6.82138763862674,0.0
164,34.20835700517744,"[899.22525302535644, 900.57898350904577, 901.21978038226484, 0.46543014730926624]",94.84877415133606,-2.459904422798759,6.869450582984391,0.0
165,34.21012865464029,"[899.99731757708707, 901.27481853591814, 899.57772083757334, 0.25219886101118627]",94.84877415133606,-1.7006734395039016,6.939932178461013,0.0
166,33.0693157373333,"[899.10601920820363, 900.02983524876208, 900.84510497777262, 0.041729742400447689]",94.84877415133606,-3.182298292972531,6.667597616489166,0.0
167,33.074572336637026,"[899.27945617888781, 899.46352462746836, 900.10264101467317, -0.063538466943698621]",94.84877415133606,0.23452563654669045,6.784659696792253,0.0
168,33.06856715977117,"[901.09365515289232, 899.93998315721569, 899.76870103872125, -0.11725055719660571]",94.84877415133606,2.5396323895431276,6.77584417546863,0.0
169,34.209241035844634,"[900.26820908854552, 900.19769640587583, 900.17640053266246, 0.70861899213940238]",94.84877415133606,2.126287200166241,6.873181408520577,0.0
170,33.07094990275857,"[899.60811558311912, 900.28654040596234, 900.08691258236672, 0.032487386595945467]",94.84877415133606,1.839537430336302,6.7591046842949325,0.0
171,33.0714455241944,"[899.77438818922928, 899.38566961345714, 900.6509687157527, -0.64432009617502817]",94.84877415133606,-2.3233999897591024,6.72276433972881,0.0
172,33.07117223375418,"[899.06543877587615, 901.2467446270482, 901.08850843941309, -0.43547613621335857]",94.84877415133606,-1.357437581865367,6.833080106487317,0.0
173,34.206975811481605,"[900.3797825914919, 900.20232899398843, 899.86711679215875, 1.2306958687199574]",94.84877415133606,2.6103414024144533,6.981134563974951,0.0
174,33.06711235330716,"[900.53393541444052, 899.49622362936861, 899.97645349292543, 0.25467503965746008]",94.84877415133606,-3.665797475139468,6.753205229995949,0.0
175,33.071435456637076,"[900.12045225534041, 900.18417848589411, 900.29013993557408, -0.46328486348846659]",94.84877415133606,-1.9017827517378283,6.74667887540874,0.0
176,34.212634832274716,"[900.53836327462022, 899.71091725017243, 900.99375185009546, -0.31425298482126662]",94.84877415133606,0.46175196869985236,6.865036503906733,0.0
177,33.073156499361154,"[900.34178793508772, 899.46094858757363, 899.23694827292991, -0.63343967799449363]",94.84877415133606,1.2530359752437967,6.709506205138068,0.0
178,34.21284766416132,"[898.60886073238112, 900.29974987080777, 901.2205889950377, 0.54013371113839215]",94.84877415133606,-0.1416776756016746,6.90849506862178,0.0
179,34.20366140818491,"[899.55363401693307, 900.58876851845389, 899.25561570181924, 0.56904306649286307]",94.84877415133606,-5.337113706937069,6.755240687082189,0.0
180,34.197039626780835,"[900.59003925194031, 899.89898701525067, 900.59043696932179, 1.3125732279861073]",94.84877415133606,7.763274410622808,6.7641504166933855,0.0
181,34.20818807784669,"[900.08317983028246, 899.79845288972615, 900.90009470021903, -0.071581787571390054]",94.84877415133606,2.7104737170188224,6.895358851781163,0.0
182,34.21087907515368,"[900.0868001947191, 899.51291848616927, 900.30738778372609, -0.21498700692970674]",94.84877415133606,1.1821363121722093,6.82937880434499,0.0
183,33.074623733930885,"[900.54223339938437, 898.97101353353798, 900.11794822826812, 0.31118198749421594]",94.84877415133606,0.1281907305250047,6.761130164148142,0.0
184,34.210213230435684,"[900.19549468479067, 900.66979673615549, 900.04375116689357, -0.76129039135634202]",94.84877415133606,1.1745890755120858,6.916102526565276,0.0
185,33.075191492880045,"[899.68409046881584, 900.20126966202599, 900.06496857568243, -0.44134938436923155]",94.84877415133606,0.010768530561920052,6.742764257202779,0.0
186,33.07347607264443,"[899.40653621541264, 899.63707345674845, 900.39141829502705, -0.11193059950455403]",94.84877415133606,-0.16602524729121848,6.76283210868291,0.0
187,33.070576930566276,"[899.2068991889297, 899.55281833638207, 899.33521606337433, 0.91096078306279304]",94.84877415133606,-1.6408229896628916,6.774600033387359,0.0
188,33.06968002035398,"[899.02974503846099, 900.08173327602901, 898.65220407473453, 0.29887991787628387]",94.84877415133606,-2.6985889323047765,6.747701842511669,0.0
189,33.06640082568881,"[899.40485867817779, 899.66759616463492, 900.22842235868745, 0.19207761819281016]",94.84877415133606,-4.061103660059342,6.779000137391853,0.0
190,34.210959066609476,"[899.51735562082149, 900.10356060649951, 899.91190376092402, 0.16088537865598718]",94.84877415133606,0.6829837934095632,6.906777147613058,0.0
191,33.07322473146143,"[899.03591605861254, 899.84314238071886, 899.37429030022031, -0.1397423162612812]",94.84877415133606,0.6041184557325676,6.8049844924369145,0.0
192,34.20802269832857,"[900.46349662632088, 900.19760958287554, 899.60434741689357, 0.38008650083945061]",94.84877415133606,2.7190021427437236,6.902188262418368,0.0
193,33.06891919026319,"[900.03261737412686, 899.60053289082759, 899.68633811216353, 0.96741698101431273]",94.84877415133606,-2.9305746164646402,6.793610152089,0.0
194,34.19978782510016,"[899.91851686035329, 900.12195365412606, 900.34425951998901, 0.070284005196828175]",94.84877415133606,-6.084755037519055,6.818883843326694,0.0
195,33.06748460600192,"[900.31298677120105, 899.90977979512911, 901.22269261455915, 0.063399265358491996]",94.84877415133606,-3.108459768850619,6.787187966739446,0.0
196,34.20747371761322,"[900.45726303986976, 899.42054563300019, 899.84186139808992, -0.12950784372780549]",94.84877415133606,3.3455555793478036,6.888992398392502,0.0
197,33.073416911569346,"[900.17480836004029, 900.75000012266298, 900.87877022698297, -0.31201266227412527]",94.84877415133606,-0.19555289196358558,6.780624428384357,0.0
198,33.07409051256344,"[900.64962656703233, 899.41220392323669, 900.14491056585575, -1.1857259246847138]",94.84877415133606,-0.10449815805825542,6.736964714897806,0.0
199,34.19942575309412,"[899.19996431877337, 901.02390827606791, 900.34655435480397, 0.3335509967755817]",94.84877415133606,-7.657824354135196,6.746079849083446,0.0
200,33.06879480968409,"[900.61171354638213, 899.98287750525753, 899.52075679497568, 1.3719312813616995]",94.84877415133606,2.999972379001806,6.733579249664723,0.0
201,33.070900354325815,"[900.36338220396362, 900.18014802681762, 900.13847715554607, 0.044165742449764511]",94.84877415133606,1.1979619360499394,6.812213387409043,0.0
202,34.20837987056937,"[899.78480159635365, 900.05199327638707, 900.04971615489626, -0.54519225974141639]",94.84877415133606,3.5649191336221118,6.719285202233339,0.0
203,34.20623323690215,"[899.30448733209948, 899.76152879199219, 900.15465405994985, 0.16245600394785031]",94.84877415133606,3.3631618910862726,6.928528301803453,0.0
204,33.0728973833427,"[900.55899535652691, 900.14732022121143, 899.10021124150728, -0.15483736344599419]",94.84877415133606,-0.28198686467495065,6.790825693339241,0.0
205,33.074403058889914,"[900.274562255712, 899.1513343295702, 898.27221450248953, -0.046222434022229725]",94.84877415133606,-0.4584361333112952,6.748194672379347,0.0
206,34.20473984241741,"[899.86725242268005, 900.48079908732586, 899.8243026142527, -0.47079838628238369]",94.84877415133606,-4.300177482567885,6.836962838156814,0.0
207,34.21341759427393,"[900.71786897173729, 900.47478893390337, 900.83704741861106, -0.52348638033973249]",94.84877415133606,-0.47236581011761036,6.812767469028409,0.0
208,33.07050591518205,"[899.51251498325121, 900.04740118864186, 899.4752605652053, 0.81814009285946687]",94.84877415133606,2.1761564393094597,6.730292292278753,0.0
209,34.206433847570686,"[899.56402039402042, 899.36526018364123, 901.0601257313424, -0.23209516354507159]",94.84877415133606,-2.642984079655868,6.94799837328802,0.0
210,33.07358171247613,"[899.17669975258434, 899.63244294316212, 901.0777547725786, -0.19536919385510823]",94.84877415133606,1.0124526878248559,6.768790521474635,0.0
211,34.20949078910012,"[899.65370506459692, 900.73481401663469, 899.62632412625544, -0.11153812852046757]",94.84877415133606,1.4263977398030938,6.984245427140669,0.0
212,34.213079500482905,"[900.24155294893342, 899.85904197572688, 900.31458062456932, -0.4689521433343159]",94.84877415133606,-0.033821749560249866,6.891882187407762,0.0
213,33.07426146799587,"[899.85422386060486, 900.4396085524811, 900.78085047618004, 0.40375649553240317]",94.84877415133606,0.5094858435290079,6.663557813725369,0.0
214,34.20912877966369,"[899.97108116476534, 900.87419368512985, 899.923671885776, 0.068468691561361872]",94.84877415133606,2.1091519220956747,6.908607515319407,0.0
215,34.205575088690395,"[899.50415164947185, 900.12207400743603, 900.53728234189464, 1.027018076992479]",94.84877415133606,3.8330054048577153,6.840875011481465,0.0
216,33.0742410451847,"[899.76469594988134, 899.67379604603832, 901.32867459594399, 0.92401109163823447]",94.84877415133606,0.17593368950378235,6.740488715952076,0.0
217,33.0732153400727,"[899.79658015522762, 900.22365439890893, 900.37345710027296, 0.21611382096372833]",94.84877415133606,1.3676337256538413,6.664632482576075,0.0
218,34.207570998520616,"[899.89639635357901, 900.68307207139878, 900.63275087517889, -0.30368356388608619]",94.84877415133606,-3.506443396308452,6.779792348472713,0.0
219,33.07378141711806,"[900.57117222076795, 900.65525745519085, 899.16291935787308, 0.54014155115823259]",94.84877415133606,-0.12658331941517986,6.7743697368259195,0.0
220,34.212934160585704,"[900.2434121177389, 900.74768551794818, 900.59837327449111, -0.43698853363640405]",94.84877415133606,-0.3524065298264379,6.8947101854391315,0.0
221,34.211073602297525,"[900.15341987209047, 899.63558418653599, 900.2137290098234, 0.20824352503446492]",94.84877415133606,-1.6571328068601037,6.857782455415738,0.0
222,34.20811248347015,"[900.88365464834169, 900.80232321731251, 899.59981511152216, -0.29256901194198903]",94.84877415133606,2.3871721851569854,6.889631407469063,0.0
223,33.07026773622244,"[900.75280040077746, 899.68915559733682, 900.0790508269863, -0.19438465992307533]",94.84877415133606,2.2304485688715725,6.6877419723995315,0.0
224,34.209713957774035,"[899.91841885999202, 897.79473521252146, 900.2174378988002, -0.21717179310406512]",94.84877415133606,1.33340258247178,6.965332261456725,0.0
225,34.20340853890709,"[899.74451834478089, 900.34468089643269, 899.85798904135072, -0.97329913352597497]",94.84877415133606,4.91931065669737,6.839870071739449,0.0
226,34.21240167500515,"[900.54510952403325, 900.25468628770761, 899.74863516285336, 0.28986977124395835]",94.84877415133606,0.5915762112468761,6.852521466752063,0.0
227,34.20632911437712,"[899.75866048373859, 900.35824220085112, 899.89659521536225, 0.30937656465751412]",94.84877415133606,-3.6438042288154593,6.869721637249933,0.0
228,33.07275210609432,"[900.05085774233623, 900.37721782950678, 899.77949160467233, 0.20272732559506607]",94.84877415133606,0.7923838919408681,6.77596323334452,0.0
229,34.20494486928682,"[899.86065295760909, 899.82286269276506, 901.24393916262238, 0.15714603548179307]",94.84877415133606,-3.5923816073620958,6.8981006357047265,0.0
230,34.20907467999327,"[899.56946608955172, 899.63932774192153, 900.96315674731352, -0.72935469699541011]",94.84877415133606,1.7736061502202785,6.929097138909151,0.0
231,33.06919881421756,"[900.15692525171903, 900.55709649588482, 900.35787140568345, 0.16090866851291069]",94.84877415133606,2.8151779274528015,6.722022797135625,0.0
232,33.07306268030919,"[899.82507793421019, 899.05864899386631, 900.43142978586206, 0.22393318969580145]",94.84877415133606,-1.4304575114894817,6.739714685656132,0.0
233,34.21232329006895,"[900.63280480895003, 900.59856518983497, 900.91232804528488, -0.90725498995888443]",94.84877415133606,0.4075761101610844,6.845654859681791,0.0
234,34.20869035190457,"[899.66878183398626, 900.37240057633699, 900.3371467163098, -0.28881598165064043]",94.84877415133606,2.037857774071376,6.8287595273461426,0.0
235,34.20400272680687,"[899.33337173673328, 900.67284151516503, 900.14065121823057, -0.51707729096557453]",94.84877415133606,-4.714503055090117,6.867590675919413,0.0
236,34.211013778242865,"[898.62949474419827, 899.1856621637678, 900.1932926323525, 0.73257854031792025]",94.84877415133606,1.7726093204113154,6.831423723818275,0.0
237,34.21180539716411,"[899.22075564225736, 900.1355594989534, 900.18071286765428, 0.13652454971490779]",94.84877415133606,0.6592428713537777,6.943265992700138,0.0
238,34.21288156306474,"[900.05218027765522, 900.37023712652149, 899.25255063503118, 0.11977124827714453]",94.84877415133606,0.04530613080592746,6.929385445839571,0.0
239,33.06792396614754,"[900.62360717621777, 900.24657162090455, 900.98356594509801, 0.37796466533598838]",94.84877415133606,-3.6326209319789875,6.715737689222099,0.0
240,34.20969340909032,"[900.27897275762257, 900.37263414108543, 900.5548681066042, 0.8581059084456677]",94.84877415133606,1.6271844133349562,6.963377808125351,0.0
241,33.072674973593294,"[900.42737917992292, 899.90468167674737, 899.23227317575493, 1.6393631940112874]",94.84877415133606,-1.4024461848117478,6.762857924363418,0.0
242,34.20060899937545,"[899.48855805579467, 899.38887970660767, 900.40174959591025, 0.51246914001038291]",94.84877415133606,6.05241520061717,6.793848735643241,0.0
243,33.07322500579099,"[900.57827014502607, 899.79200508511326, 899.8474326348304, -0.77936412245304443]",94.84877415133606,-0.9811720096665402,6.737636386906877,0.0
244,34.20856966291668,"[899.98304759157998, 900.27335336004205, 899.22910389514323, 0.060524513351416537]",94.84877415133606,-3.1503847716047035,6.779436195967084,0.0
245,34.20123204440841,"[900.31705791469494, 900.30610063734912, 899.68496747872325, 0.31301415646420822]",94.84877415133606,-5.365507899139369,6.875578773137969,0.0
246,34.209128480452506,"[900.2100903160582, 899.27073853477464, 900.23247843745708, -0.51582394871824844]",94.84877415133606,-1.6247994291499732,6.879850060590662,0.0
247,33.07052920531334,"[901.42234175168642, 899.95153689005667, 900.24463383706836, 0.58160559947856505]",94.84877415133606,2.088370925838126,6.749214601257878,0.0
248,33.072578029822154,"[900.37059897488894, 900.55345110750341, 900.58715598021479, -1.4262583761496708]",94.84877415133606,1.499437351957544,6.754594453291472,0.0
249,34.20584037826249,"[899.90808566767294, 900.0261163759701, 899.87044815333604, -0.5535989910028537]",94.84877415133606,4.120366473777276,6.784308997987005,0.0
250,33.07340717995527,"[899.66391902616397, 900.71053038265813, 899.82028709800647, -0.38915208180960181]",94.84877415133606,-0.41589550159099314,6.79915428026808,0.0
251,33.072516780084975,"[900.6092188579521, 900.13673883625154, 900.19169653007566, -1.1800689751843512]",94.84877415133606,1.332728012728054,6.717208081600592,0.0
252,33.073232084704756,"[899.69241238599329, 899.43280376267739, 899.80230719016731, -0.15481217384975293]",94.84877415133606,-1.16849145174633,6.705389428432066,0.0
253,34.20816619240388,"[900.24172232421392, 899.2339461197123, 899.81672509434964, -0.42731919736228746]",94.84877415133606,2.442088694252673,6.891215343425359,0.0
254,34.20826315249382,"[899.64815452295625, 900.07679720905878, 899.59845556456571, -0.55195002134198157]",94.84877415133606,1.9699027667925049,6.918492783085745,0.0
255,33.067013802816206,"[899.31824284429717, 900.90215009483632, 899.57885311418249, 0.52703580611524992]",94.84877415133606,3.8539931366217584,6.7486005444254396,0.0
256,34.21223301792985,"[900.02573718881172, 899.86794100761597, 899.75358751047372, -0.72820126311498456]",94.84877415133606,-0.6181539048088461,6.916129143857142,0.0
257,34.21285592703717,"[900.10789018931177, 900.9786153112708, 900.05111481652193, 0.070644983290320651]",94.84877415133606,0.16566246236437032,6.894943896002448,0.0
258,33.07454726619312,"[900.61438493648063, 900.98593608997089, 899.38113704614238, 0.095620975012844292]",94.84877415133606,0.32738489665140874,6.752299935164938,0.0
259,34.21228681937103,"[900.43870557631533, 900.13488330774658, 899.40148898496659, 0.14211712533733284]",94.84877415133606,-0.20314601603009924,6.920425596712362,0.0
260,33.07137266916024,"[900.52183912455598, 900.70156832697762, 899.39973212430391, -0.46518092879863326]",94.84877415133606,-1.76270187886269,6.698642252625691,0.0
261,33.068061934188066,"[899.0999840141094, 899.31636976656159, 900.49654893402396, 1.0624190691539006]",94.84877415133606,-2.6728496188509947,6.768606265029249,0.0
262,34.20661274805553,"[899.73907014133738, 900.48732050638239, 899.23605304549778, -0.21717008178790687]",94.84877415133606,2.7334698343122015,6.911724800072622,0.0
263,34.204961670645915,"[899.17912018392474, 900.61678362263365, 899.86459713520901, 0.91062569333038268]",94.84877415133606,3.868234794164205,6.950262266549737,0.0
264,33.07189433351728,"[900.1235847904403, 900.73713916837721, 900.12928172701641, -0.89040481409088645]",94.84877415133606,-1.35285150754454,6.800661528617954,0.0
265,33.07265759135811,"[900.72567368484829, 900.84819079972965, 899.76729530736679, -0.35433743409268692]",94.84877415133606,-1.091158949192671,6.766252522827824,0.0
266,34.207524017849195,"[900.70724204032126, 900.14862552707632, 899.45533883392511, 0.50345870336150178]",94.84877415133606,-2.3238877142195613,6.900254284326798,0.0
267,33.07189324270056,"[900.03613280606999, 900.97202343403865, 899.13082767868048, -0.65334962295783061]",94.84877415133606,-1.8426602922161976,6.729390563370136,0.0
268,33.07178545650716,"[899.81169025063355, 900.93987019379347, 899.71363794022909, 0.81741756460914927]",94.84877415133606,1.8135653224802661,6.753097820334767,0.0
269,34.19588201881938,"[901.20353771881241, 899.19422782274114, 899.29191976437971, -0.28573291565190573]",94.84877415133606,-7.575722508510257,6.854812782940018,0.0
270,33.07408133900862,"[900.13739284484529, 900.66183236888969, 901.11709046353485, 0.17959158982539522]",94.84877415133606,-0.08968746106566443,6.815375268542908,0.0
271,34.20838581865398,"[899.91153566550088, 899.03407831070615, 900.67550670802245, -0.064053726228361668]",94.84877415133606,-2.8234972728157732,6.7736686318935435,0.0
272,34.21379179195998,"[900.35605321611888, 900.79091486533639, 900.9850703032107, 0.19447654638486381]",94.84877415133606,-0.36057207055159596,6.765836498646447,0.0
273,34.208031882380084,"[898.68366952651024, 900.66222321194255, 899.46874613627199, 0.71314687970968893]",94.84877415133606,2.1001900681562047,6.904424883698721,0.0
274,33.07142894668047,"[899.98983585744645, 900.2545804542483, 898.74148796240252, -0.27175974071708781]",94.84877415133606,1.8466088680772936,6.713564979893181,0.0
275,33.07298389453171,"[900.44364912710489, 900.10682081465268, 900.05295888283524, -0.30083276748969301]",94.84877415133606,0.06097368179412453,6.8488126155702265,0.0
276,33.06751143530904,"[900.33322397062955, 899.95274579275519, 900.77457336208249, 0.88060695140600964]",94.84877415133606,3.7044650947989215,6.771415938146153,0.0
277,34.2112189124027,"[899.38670913828139, 899.79798765237308, 899.74421036647709, 0.78143010068444918]",94.84877415133606,-1.2366192790846635,6.861512503556652,0.0
278,34.20297787979614,"[900.33494350133219, 900.1389336094586, 900.16547413565854, 0.83812312614030238]",94.84877415133606,-5.0736726982922145,6.84452016415818,0.0
279,33.068273016600074,"[900.88429341063909, 901.08957594923788, 900.80763065716758, -0.38304980199469818]",94.84877415133606,2.8349748481568766,6.717788900282897,0.0
280,33.06792450949175,"[900.18032958399272, 900.01262630512042, 900.90911117932217, 0.48229519329389681]",94.84877415133606,-2.1567531550378845,6.91823489106306,0.0
281,34.20597234348769,"[899.6929991165614, 899.25653599313421, 900.37944391645317, -0.22886497160160008]",94.84877415133606,3.401970013550243,6.866234524973912,0.0
282,34.20192001453771,"[900.38398110585729, 899.36059371970589, 899.09149192248356, 0.20515968993962738]",94.84877415133606,-4.994486450775117,6.945244201484477,0.0
283,34.20892562547974,"[899.76040365909262, 899.61311896910786, 900.18684694828619, -0.14658921161736393]",94.84877415133606,-2.118013851076064,6.90173692151233,0.0
284,33.0737370043598,"[900.3077065369323, 899.85580051884017, 900.41383293403953, -0.84071282140990578]",94.84877415133606,0.043260261331767386,6.785428572331294,0.0
285,34.207468069214514,"[899.56173825536473, 899.66562076210016, 899.89112300366514, 0.053972852204576441]",94.84877415133606,2.751738684039013,6.8509071264765815,0.0
286,33.0707971543962,"[899.08407517226192, 899.39601047438953, 900.05692773502608, 0.098574174431086958]",94.84877415133606,1.4329482605136123,6.821116671222145,0.0
287,33.07045480751692,"[899.28256272115493, 899.2201541200908, 899.8376317035445, 0.3243929525222583]",94.84877415133606,2.519723285848907,6.7276017260396115,0.0
288,34.20689467356282,"[899.31171839969386, 900.97263760102021, 899.96235943051545, 0.37381236487301173]",94.84877415133606,3.3850720578951043,6.86003555580935,0.0
289,34.21232338924624,"[901.22626926482405, 900.10689842374052, 899.84755638338902, -0.25776405137873537]",94.84877415133606,0.4597236416509899,6.8822723547899525,0.0
290,34.201818470713945,"[898.93390252356232, 899.46122735760412, 900.31570306541926, -0.26223748556092596]",94.84877415133606,6.304859363070737,6.728413155814116,0.0
291,34.20927467900978,"[901.20437027395053, 900.0100516246672, 900.81144797786374, -0.46984229789900311]",94.84877415133606,-1.9138885980879923,6.821061944612099,0.0
292,33.07365042494843,"[900.06776903706782, 900.24963999672502, 900.88335089749876, -0.64617651497900397]",94.84877415133606,-0.594597612782464,6.805559539661208,0.0
293,34.211856204015604,"[900.57909482050411, 899.88940837523626, 899.73818593694534, -0.042503714287140726]",94.84877415133606,-0.3291629376775986,6.874044317799167,0.0
294,33.07264593116566,"[900.80878590678356, 899.08204567187317, 899.40614903989865, -0.76538017368080391]",94.84877415133606,-0.9427759530977681,6.775612246944177,0.0
295,34.20070308520214,"[899.25290001632504, 899.62333328722639, 901.52297113232976, -0.83254011951786877]",94.84877415133606,5.665710929191693,6.866165036505012,0.0
296,34.20961448313589,"[898.92997185484421, 900.17685325914965, 900.26525895164718, 0.27854210586571759]",94.84877415133606,-1.8078492013677174,6.863239170020787,0.0
297,34.203806889556354,"[900.68394666204767, 900.0334171276744, 899.49595307760558, 0.17769939426835485]",94.84877415133606,4.696319591799452,6.840796285819339,0.0
298,33.07280550592805,"[900.15362587690811, 899.71777666736523, 899.91330694584803, -0.85860238691292745]",94.84877415133606,-1.4859642831424151,6.754717132599646,0.0
299,33.06843856442598,"[900.15621656170219, 899.21462074514977, 899.62343601683938, -0.43042967488143613]",94.84877415133606,-3.3674468322783224,6.729375552441172,0.0
300,34.2086825481324,"[899.04052241134514, 899.47840384500364, 901.08145636214567, 0.36311428048956945]",94.84877415133606,-3.77178284178012,6.77860917223971,0.0
301,34.19960502314062,"[899.38471040510399, 900.23593571765332, 900.64614676316432, -0.53675015240081214]",94.84877415133606,6.693626090812697,6.761664234476379,0.0
302,33.074113762723655,"[899.80445616905695, 900.5001027923804, 900.17311760138705, 0.2194633686950303]",94.84877415133606,0.11292682268259542,6.757882637636681,0.0
303,34.19942501527138,"[900.31690411044622, 900.11389739893161, 900.28218234162125, -0.73225233860679462]",94.84877415133606,6.378484808803838,6.823112456275609,0.0
304,33.07287169700213,"[900.50115349987504, 901.39450067040218, 900.01105977436134, -0.6400558359556745]",94.84877415133606,-1.0304617200919366,6.784542954761009,0.0
305,34.20751671133253,"[899.71240653023904, 900.72502830059102, 900.33632169377984, 0.81935075676461999]",94.84877415133606,2.8854053242320794,6.83789688002489,0.0
306,33.069856297397436,"[900.35709572630674, 899.77218398481511, 899.54897499645836, 0.35276391845186961]",94.84877415133606,2.4802005686863895,6.748956120156889,0.0
307,33.070864883809165,"[900.7902686155212, 899.58892425672957, 899.38134522337975, 0.080291269420264683]",94.84877415133606,1.2216626860337216,6.7707199917903225,0.0
308,34.2087167032588,"[900.05325561230268, 900.84996761233981, 899.61497897419167, -0.58332752189624648]",94.84877415133606,-2.3072006300900965,6.809205708819583,0.0
309,34.19904389905473,"[900.73132103303044, 899.99550778951982, 899.54051491288067, 0.58630366478898743]",94.84877415133606,-7.516767012265113,6.788549010636657,0.0
310,34.20920023071879,"[901.22637966139064, 900.17805845074349, 899.42648483868811, 0.40783549222169169]",94.84877415133606,-1.615350161753308,6.928101362554383,0.0
311,34.21048005392505,"[899.57574692375783, 899.47688767445811, 901.58556354475411, -0.39777467809505662]",94.84877415133606,-1.0262791968763427,6.9652019738243025,0.0
312,34.21231564209143,"[898.31070155130124, 899.64381624173416, 899.67781213006879, 0.62177027665722684]",94.84877415133606,0.16185579977430548,6.9082899692008,0.0
313,34.21372630473833,"[901.19155479919311, 899.88106892898804, 898.85391314777644, -0.87192311014371582]",94.84877415133606,-0.07885964517503832,6.776200438296856,0.0
314,34.19576804210832,"[900.73643560017683, 899.43489956834583, 900.15905807095476, -0.22062473039690295]",94.84877415133606,-8.739560053661544,6.777305329157008,0.0
315,34.209469903692906,"[899.54863810206655, 900.07932279864576, 899.64544304570109, -0.32226129581902452]",94.84877415133606,-2.325464769482173,6.886384436889988,0.0
316,34.21092592895749,"[900.28452093432975, 899.26156306871508, 899.33593135736066, 0.062398002840833022]",94.84877415133606,-0.9113995748980133,6.922354152300153,0.0
317,33.07443894860258,"[899.86840073458166, 900.36877811634292, 899.59715484321089, 0.39640124951504424]",94.84877415133606,-0.5714751700278676,6.713839239860797,0.0
318,34.211860035827115,"[899.67483292232885, 899.74255422668728, 899.93686630738682, -0.3114534884696426]",94.84877415133606,0.5749771773098858,6.957734957555239,0.0
319,34.206184980272845,"[899.16376064861311, 899.96318189854276, 898.58784254273655, -0.67361808874956774]",94.84877415133606,3.375057723217578,6.899543609415967,0.0
320,34.210188214477554,"[900.0553950407176, 899.98178099015206, 899.84340764014496, 1.4233271896349424]",94.84877415133606,-1.2079209006885376,6.894586247921562,0.0
321,34.20926846270277,"[899.77262671410847, 899.44002394086192, 900.22515761757779, -0.096690766941055717]",94.84877415133606,1.7342081761553003,6.915161831288582,0.0
322,33.06935806229501,"[899.43955764935606, 899.57375031208358, 899.82440903681595, 1.2444920781329385]",94.84877415133606,-2.720261478799185,6.75475670610921,0.0
323,33.07314609244847,"[899.98301928363719, 900.33796332735108, 899.33028364221809, -0.47638232114995455]",94.84877415133606,0.3250540272903429,6.798392529480047,0.0
324,33.07362220742923,"[899.14343537434456, 899.26387084523969, 900.08727414044631, 0.2382181096508349]",94.84877415133606,0.1737525697979437,6.7858940672864305,0.0
325,34.207795325000035,"[900.71198245124367, 900.592789675772, 899.91953136982204, -0.2660896884270717]",94.84877415133606,2.574557698706177,6.91324352146001,0.0
326,34.21527290277277,"[900.57224321943659, 900.01896700537134, 898.80355012582413, -0.48941382958463542]",94.84877415133606,0.2914835901036609,6.7242935837179685,0.0
327,34.21006542556169,"[901.05491953486433, 900.51760187569573, 898.78096956791296, -1.2825038040272152]",94.84877415133606,-1.0573712208184218,6.864488643587599,0.0
328,34.20424753160264,"[901.60728889305926, 900.537505877782, 900.57943808165214, -1.072549920373979]",94.84877415133606,5.151760396767608,6.782957389519966,0.0
329,33.069352491160664,"[899.43543209013126, 900.42572068165987, 899.22512606544899, 0.031826350451535604]",94.84877415133606,-3.0293530070696657,6.758742397272045,0.0
330,33.071596292121896,"[900.69029018645381, 900.48238828462956, 899.8417929237421, 0.11305782159777228]",94.84877415133606,-1.8634568318473832,6.795967067609895,0.0
331,33.071145194511836,"[899.60484232803515, 899.51365315066801, 900.29251175352306, -1.0819106655880333]",94.84877415133606,-2.319677196211843,6.770571951481799,0.0
332,33.07294457980697,"[899.47519303245713, 899.38735707829323, 900.8225126207526, -0.34365555380992896]",94.84877415133606,-0.3895410940913359,6.759325320140993,0.0
333,33.06832732233353,"[900.49079257347125, 899.89738504998888, 899.29116519357103, 0.047966336802318404]",94.84877415133606,2.501981129140299,6.7911258353378505,0.0
334,33.07263242866136,"[900.86593782771081, 899.2219242670086, 900.66448555385523, 0.068111748951514117]",94.84877415133606,1.001743679868448,6.809125162353442,0.0
335,33.07173586995496,"[899.60175400246942, 901.0343487997128, 900.39665706053665, 0.63657428055500209]",94.84877415133606,-1.6264503956912846,6.80907326549657,0.0
336,34.20743342807771,"[899.42374034981947, 900.5005477389019, 900.54334580191914, -0.68434197696784338]",94.84877415133606,-3.465400479553028,6.919814617942479,0.0
337,34.20272080051578,"[901.51875642832738, 899.92713065563498, 900.17106911386213, -0.2920488291299953]",94.84877415133606,-5.454281074146734,6.86213268446368,0.0
338,34.21033384027264,"[901.20764920828435, 899.11885348399369, 900.42337364740604, 0.062794809387616057]",94.84877415133606,-1.952064326185952,6.81130127792908,0.0
339,34.211560921077506,"[900.80107241124506, 899.58572260758365, 899.12687310749709, 0.13208352549136354]",94.84877415133606,-0.7997821581645261,6.858682099736078,0.0
340,33.069771516318355,"[899.82225716035248, 900.13397280391575, 900.40267784220634, 0.83733888893058905]",94.84877415133606,2.462192687925451,6.713415332162301,0.0
341,34.19890208854352,"[899.60500374360674, 900.93421033270761, 900.24452317778116, 0.34522867040172023]",94.84877415133606,7.077219954623621,6.781080765395757,0.0
342,34.20627888067128,"[900.10527533398715, 899.6076331835385, 899.42769066440599, -0.25987385988440093]",94.84877415133606,3.0019810695469173,6.9385811278093446,0.0
343,33.073449488351905,"[900.54250581539873, 899.87903655062087, 900.256279802785, 0.45234386139580618]",94.84877415133606,-0.5107107202919632,6.827130779512261,0.0
344,33.06658962030469,"[900.10429435087872, 900.32504445594066, 899.8463316814001, 0.26168555889822004]",94.84877415133606,4.213392653856481,6.725297546294032,0.0
345,34.204890311535706,"[899.80511088569006, 900.08103351026477, 899.85349503491636, -0.90240477146163289]",94.84877415133606,-4.036928833385423,6.8683805203899135,0.0
346,33.06571890862164,"[898.95290641441989, 899.7566332879328, 899.81012411997131, -0.065849928041122913]",94.84877415133606,-3.951049084883824,6.767411162626593,0.0
347,34.20863253712753,"[900.03457327385593, 899.31037959329797, 898.97130793606016, 1.2218753102080329]",94.84877415133606,-1.4319124092341395,6.9624537854039215,0.0
348,33.073680997713886,"[899.95607991847544, 900.07797981728299, 899.22485669488492, 0.83391143900609632]",94.84877415133606,-0.5308794296571039,6.790013232026374,0.0
349,34.20837182156729,"[900.70495696473063, 900.10786487245809, 899.35087886098347, 1.9211440240921744]",94.84877415133606,2.613685745264204,6.821860966993867,0.0
350,34.2092020887649,"[899.11530496464593, 899.48069575966952, 899.92084678747301, -0.61733990410640516]",94.84877415133606,1.8948807540453245,6.931485414781993,0.0
351,34.210961035236416,"[900.73451134000584, 900.04679686951022, 900.22269473136282, 702.28593545997251]",94.84877415133606,0.9753810326442689,7.049317783425316,0.0
352,33.069511339488336,"[899.84566056712708, 899.1886061746676, 900.10280618777767, 900.31672662845062]",94.84877415133606,3.1243670499326144,6.301728550145304,0.0
353,81.48004750840342,"[900.09931476889165, 900.50916180854836, 899.99330033776153, 899.55452326754278]",94.84877415133606,26.310592984929293,150.0,300.0
354,93.15904894251746,"[899.64886151878511, 900.00184022939914, 899.63037542545067, 899.83945511903164]",94.84877415133606,95.30578639326005,79.32104749701689,274.5616602396147
355,93.95553944675676,"[900.86561447042925, 900.13143972949183, 899.16834057128551, 899.96633495830997]",94.84877415133606,7.33772863126964,27.340945936151417,165.68979735668646
356,93.93357180110908,"[899.3882437932142, 900.52534202539437, 900.19862025408077, 899.80416178142684]",94.84877415133606,22.840896036028802,-69.50642289288443,91.00122020114296
357,93.95750889235933,"[899.96674188884379, 899.45465393231268, 900.47655948243766, 901.4975114632332]",94.84877415133606,-65.33564536223356,-0.133936337893186,114.78677066542913
358,94.15503671231687,"[899.86965717732301, 899.92282947561944, 899.99943731158692, 899.62847367653671]",94.84877415133606,-7.154659226824238,16.96380460591577,147.93935226018465
359,93.82106757607586,"[900.2988292986106, 900.23373012209368, 900.44969242332286, 900.41165489082744]",94.84877415133606,56.87227997439385,-59.28486068213199,202.90651665625452
360,94.03011488165731,"[899.98407246866634, 899.58376706112153, 900.46669619392367, 900.64152936607684]",94.84877415133606,-23.836099417917886,-38.058739097462364,126.18137275974958
361,83.47510118262556,"[899.60115570136725, 900.37097725001081, 899.83989970836399, 899.27846602160071]",94.84877415133606,150.0,-150.0,159.33927895724852
362,93.90698075988834,"[899.23921091323245, 900.36318091384612, 900.52545911404764, 899.66305416064222]",94.84877415133606,-67.70757410274976,-11.535055553088725,107.1788569903577
363,94.11610959446281,"[900.78117700563052, 899.58989633629847, 900.02420090286205, 899.61404099187496]",94.84877415133606,-27.656496986053863,5.113176184755075,134.9658696110276
364,76.92422389514752,"[900.1090172520162, 899.30337786985342, 899.78873982999551, 899.18023405006159]",94.84877415133606,150.0,122.99813143322497,189.30069034930042
365,94.06274917555616,"[899.55960473691493, 899.8777195031455, 900.32442299443312, 899.38717137098638]",94.84877415133606,-65.94734697137297,0.2967363211805205,99.09642720800863
366,94.17681723309629,"[899.52454310559881, 899.91997996013492, 900.88661331133721, 900.96591017998333]",94.84877415133606,-24.192455783270457,-8.09822372533403,136.94605407371242
367,93.91237263017597,"[900.1846101965923, 900.54183111169971, 900.72587644549174, 900.908203285897]",94.84877415133606,-89.30576764635273,4.9556727490393495,80.66923638524975
368,94.12669681180144,"[900.48659703501153, 899.87083940556727, 900.31990955517779, 899.02287276115192]",94.84877415133606,0.03439874680319473,-41.100266300680865,127.83315932856985
369,94.00630201965465,"[899.9323192936057, 898.83696516949374, 900.07077565105442, 901.10222531761349]",94.84877415133606,28.933151751287202,10.06256772252401,150.5296336118928
370,94.104570539098,"[898.87927872048829, 900.46907252944425, 898.85807629726401, 900.23133294216484]",94.84877415133606,11.42191910168825,-36.406707837163836,131.2270666021081
371,93.9375136226408,"[900.27567164416371, 899.52326682554144, 900.05959508845683, 900.58979562141485]",94.84877415133606,-67.58426672504919,1.8123062300250454,113.17109529349514
372,93.90841252937474,"[898.99336706476549, 899.13784970049733, 899.8312335781668, 900.42039489106969]",94.84877415133606,-12.62947334030797,-70.36082266897277,108.84872472099632
373,85.97813727931086,"[900.11620270208311, 900.82882665989575, 899.98855171950197, 900.72618469912106]",94.84877415133606,-14.697970731140646,150.0,300.0
374,93.6814407883602,"[899.67882173386943, 899.892985305141, 899.85320041963905, 899.80909887564644]",94.84877415133606,56.7431802005095,71.06732972020546,214.66524113322404
375,93.75778032950811,"[899.52527822819673, 900.69963921945032, 899.94365210806131, 899.9157861435508]",94.84877415133606,-40.801278584227205,-70.15523996458863,94.94307393730351
376,93.95133562357013,"[899.82291733052296, 900.79785772903165, 899.85196457195661, 899.8583152047006]",94.84877415133606,7.264305950993803,41.196662277127594,135.52544376564592
377,94.13104049787167,"[900.12200795415822, 900.14461410000501, 899.90551254532772, 899.99254179434411]",94.84877415133606,-13.16812079053757,19.24600139819974,151.3252289300668
378,94.21297347610104,"[899.64025833907999, 899.99322496047296, 899.17371771679382, 900.78807844856294]",94.84877415133606,-8.124416797321707,-12.094585168318964,138.08241442300965
379,93.74530523359014,"[900.52975924210307, 899.54764576591242, 899.92925507872349, 900.56165309867879]",94.84877415133606,24.94973302391001,-62.78172910242805,122.91993290952936
380,90.48909282667549,"[900.03326801545234, 900.85597708029911, 899.89330364663897, 899.2093507415367]",94.84877415133606,140.3227804018336,-26.671294990728452,300.0
381,94.03582072466583,"[900.17870288988911, 900.56697006388913, 899.62735593776733, 899.23479677945352]",94.84877415133606,14.930499499664917,-26.099299451221857,148.02275847643983
382,93.85114848599203,"[899.542029098684, 899.54346209395237, 899.68558147211081, 900.24832926762133]",94.84877415133606,24.1740572259214,-55.517358318359655,116.65342310953392
383,94.19306222825477,"[899.43807501694823, 899.33014075336496, 899.77412192402301, 900.52968012239774]",94.84877415133606,9.265424084079736,-12.285303134179959,137.69515334048072
384,93.59878949535094,"[899.71859768990123, 899.60645914440522, 900.0932604389252, 899.59126534939514]",94.84877415133606,45.34224913336982,-67.3640614381713,110.0949749409607
385,93.5682435171492,"[900.35727128506608, 900.88081078896926, 899.53653026116717, 900.01421533821281]",94.84877415133606,51.817346053451836,-58.5970529583234,173.90017590276648
386,94.02647219903456,"[899.86241173082476, 899.47629349135548, 899.91973966336047, 899.59053926344825]",94.84877415133606,-34.94752453295688,22.12586246374542,128.20249576950002
387,93.72295937861867,"[900.5484559707777, 899.91729503309261, 899.46439039964866, 901.39981258575381]",94.84877415133606,32.637387850751736,-68.27463658801346,106.64477620775529
388,93.81804553079151,"[900.38234097547695, 900.5704700727365, 901.20616686907783, 900.98740238978678]",94.84877415133606,-53.646766827384084,-33.80676938527634,115.37408357254053
389,94.12624849567776,"[899.86191184596851, 900.4874965477203, 899.7522587247521, 899.72169397405321]",94.84877415133606,22.73610527702192,6.54119273000947,139.23348861693387
390,93.71229715288177,"[899.94691242185104, 899.78695130962672, 899.67060901016725, 900.47000526783484]",94.84877415133606,-7.313636479654401,19.813260038029018,252.29591255263952
391,94.10750984263356,"[900.36500639943119, 899.09526761801601, 900.05032291189559, 899.1898817255011]",94.84877415133606,-33.68720164949877,-3.287340800789256,132.5059604686152
392,83.69995492791371,"[900.6379266915194, 898.94875576106597, 900.47980620098178, 900.51700817519509]",94.84877415133606,22.50533794008362,77.53274423139703,300.0
393,94.26924094434986,"[900.36731900502059, 899.21771743056377, 900.06608289948758, 899.54252313461382]",94.84877415133606,-1.8555968655642088,-15.510114027702231,137.55571973345036
394,93.87983466263286,"[900.08474480921097, 899.48713267401592, 899.79718525419923, 899.25512604107462]",94.84877415133606,-51.96776186139315,15.525036397456349,156.30906498959436
395,87.69169666110129,"[900.24580121270139, 900.71142336193941, 899.7434678671176, 898.6876858382908]",94.84877415133606,150.0,150.0,292.07110064297825
396,93.99245622084673,"[899.67209993022891, 900.9773719150669, 900.40314339515862, 899.25789851525008]",94.84877415133606,-29.121374418999935,-43.14660603666536,121.42691886900666
397,93.98701715967763,"[900.00993161673989, 900.17396400523478, 899.73090723817074, 900.49802163261757]",94.84877415133606,2.5177272019642314,-54.910020927720126,128.14388656004505
398,93.63659096486192,"[900.69133892471882, 899.45788246580446, 899.95404624211983, 900.03115204666722]",94.84877415133606,61.00179335750822,-73.5694752017225,77.61131688886358
399,93.72485667328715,"[898.76554887181396, 899.47287270941263, 900.32488952896392, 900.14701730251625]",94.84877415133606,-18.13310067929336,-95.10128532384871,79.3244983169845
400,93.9202275390286,"[900.24530594024941, 899.30078393116355, 900.29261274454927, 900.25631189249009]",94.84877415133606,21.30723910911195,-59.434152065325165,116.30136945317412
401,93.98051460378947,"[900.22268786762334, 900.89355905358059, 899.89293905670479, 900.31051538146232]",94.84877415133606,-67.75028638221224,3.62280735025839,105.74473643936557
402,93.79239052882404,"[898.63403623709132, 900.51935729822662, 899.42961151363318, 899.62127041754763]",94.84877415133606,-17.43837173192185,-83.83540525825252,93.02303057704431
403,93.86492298410953,"[900.58745475865874, 900.47732777383499, 900.01217197685025, 899.68062644274119]",94.84877415133606,-53.280148841263404,17.177113768120254,131.8550101533865
404,74.98028669759039,"[899.78486109301582, 900.27434226753496, 900.17900951984586, 899.20917290318243]",94.84877415133606,150.0,58.09330436096424,251.77106433639224
405,93.99440562690278,"[900.7120845590423, 898.66290667400756, 899.34021683034393, 900.03027589728185]",94.84877415133606,15.853016754418729,28.658448780464052,146.13563789164763
406,79.07723743496643,"[899.54598777080435, 900.31573161480628, 901.03806234610306, 900.39941489890498]",94.84877415133606,150.0,150.0,300.0
407,94.03747881518167,"[899.61444819983649, 899.66903785702505, 899.25979423329454, 900.84767098328155]",94.84877415133606,-42.27363642781762,6.15771062021922,139.68618558567204
408,94.02684634989247,"[899.67068036188437, 899.9664383242274, 899.47969801780812, 900.06187021620451]",94.84877415133606,-0.8384442402330852,-54.202614634176086,120.6404699068654
409,93.9422063971752,"[900.02757270063773, 899.63055028969836, 900.20554741246019, 899.98883491797449]",94.84877415133606,-15.010933378321038,-46.64731241263308,126.2038681679372
410,93.97671794383014,"[899.76786088471636, 900.6773370948506, 900.18548515952955, 898.80860878890485]",94.84877415133606,-58.44027349102996,-7.212799534239267,120.98814258136994
411,94.16387315183582,"[899.33751661181873, 899.12539877545748, 899.08341242353106, 899.75389566767331]",94.84877415133606,3.669095094121889,21.586224884478295,136.46577587591037
412,94.26357075275914,"[900.81643777358352, 900.2899492519515, 900.24248997760503, 901.08146626851305]",94.84877415133606,-3.768725752677049,-5.793553955370543,138.412379698536
413,94.24332435758964,"[899.55118432350537, 900.95135672631284, 899.20679002417273, 899.15289714081575]",94.84877415133606,-8.406099793172562,-4.762355827817333,138.61574638035682
414,93.67539814473105,"[900.29431010368819, 900.22968214365528, 899.70613172776314, 899.6447161533373]",94.84877415133606,-75.69548534406695,-32.19946042154209,92.30995410502304
415,94.26933168723512,"[899.08632578857328, 900.21151493607579, 900.62430757948562, 899.57823300485984]",94.84877415133606,-3.5583159357671215,-2.436222680568393,141.39288614171997
416,93.80464783536999,"[900.22421868804986, 899.71271465520476, 899.2289745305078, 899.60617183281329]",94.84877415133606,-13.856608082537369,46.13770447417492,154.02253692091037
417,80.38026741868774,"[900.64068114842576, 899.8913374927165, 900.12341601453727, 899.72501669910764]",94.84877415133606,150.0,-60.81478777807227,300.0
418,94.02781922094184,"[900.63820436249136, 899.45180936637416, 900.47768641613516, 899.14961833162806]",94.84877415133606,-49.24497576455998,-9.175980747572984,123.92272494876417
419,93.71095484499777,"[900.58231146733169, 899.78580443933311, 899.17833942410368, 899.95960308563986]",94.84877415133606,35.823386008508365,31.373937165958516,182.87494605618988
420,94.15815852852685,"[899.2760981288551, 900.93415596166199, 899.92942892671238, 899.59384101789033]",94.84877415133606,14.892067697565448,13.706704092673919,138.53890253802516
421,93.87342177380646,"[900.26291062371115, 899.71928895293411, 898.85675894324322, 900.87904607050712]",94.84877415133606,-47.63980260700083,-38.9854097149618,115.53487463210683
422,94.03088825152165,"[900.12971662265022, 900.38719021387101, 899.89185765300317, 900.01382087260129]",94.84877415133606,19.9533710228491,24.39795602920942,138.2318481537966
423,89.05804558935824,"[900.27719250847042, 899.76678928321269, 900.23545616167019, 900.54790461804339]",94.84877415133606,44.07675219696895,150.0,300.0
424,94.20820175916192,"[900.05925166848021, 900.66577347845202, 900.75933796938568, 899.29901137890113]",94.84877415133606,1.5149865817906867,-4.142491964392963,139.18789200216446
425,93.9037888160766,"[899.05833605573252, 899.51082849172963, 901.30215562859235, 899.47884682757058]",94.84877415133606,27.323768658467706,-57.16264492356086,116.44949503100882
426,93.64332388374736,"[899.74078453736092, 900.4303574751591, 900.51472500454065, 899.93286249053244]",94.84877415133606,24.500941070609787,-64.72031850802014,189.25086181422185
427,94.00096026380056,"[900.41803868255624, 900.67569076534767, 900.74894383448554, 899.77396148031437]",94.84877415133606,-10.64383411711434,-69.5375234909349,102.55245869992028
428,93.86444188091941,"[899.7377767824056, 898.96315145900962, 899.75567270706017, 899.27819164371692]",94.84877415133606,22.5005316529185,42.248137343054466,166.31927181618286
429,88.60405787705737,"[900.74367591417354, 900.22646309200798, 900.55978193566375, 900.62682481281718]",94.84877415133606,150.0,150.0,300.0
430,93.93747779008504,"[899.24405606510641, 900.3808462430344, 900.53112868338962, 899.77319513832424]",94.84877415133606,-4.80455148782686,-62.7783940095034,115.78797208620477
431,93.97678092879299,"[900.14692714361115, 900.70586011241767, 900.82956397557246, 900.60314565755436]",94.84877415133606,3.466503282203777,-55.38082568020581,121.56693064918238
432,94.1198278773357,"[900.75756937824508, 899.58509155071749, 899.81296281636594, 900.48510003227261]",94.84877415133606,-40.44497658977039,-1.7379537765640447,129.18565013371673
433,93.89282683257227,"[899.26361444393274, 900.64203642199061, 900.13459238140069, 900.18184693382489]",94.84877415133606,-92.70177614121712,3.844272283319082,75.08761612573116
434,94.18502108074182,"[900.28652447236072, 898.79827483073939, 901.34252998596651, 900.15422095529277]",94.84877415133606,13.292461665150448,-9.534730826117116,142.2424165397004
435,93.78358613301305,"[900.13667795367337, 899.84870346818366, 900.2041417301989, 899.77821631340498]",94.84877415133606,19.911969627106533,50.154503783068904,172.71392101923016
436,94.06906646864047,"[899.08529767576601, 899.02453132528638, 901.16450132809314, 899.54808851442908]",94.84877415133606,-15.360625501469148,-34.6447747781583,131.72358821195698
437,94.0744000087631,"[900.00824054483326, 899.82936363323006, 899.30987389888173, 900.06028259324421]",94.84877415133606,-33.32415962354148,-8.940727346262078,140.383327995928
438,93.90277396315366,"[901.26020054195146, 900.27932644369071, 900.1824069368115, 900.34879397043164]",94.84877415133606,-46.72537305030461,17.241462653465916,135.68421058051487
439,93.93213128082682,"[900.62459145050866, 899.5148891767177, 900.14531230409773, 899.72130258515801]",94.84877415133606,-57.85092417012524,11.575427539617822,117.32400603372109
440,94.06793308618819,"[899.03700143450305, 899.7628209529646, 900.80448442924182, 899.87602052983561]",94.84877415133606,-12.441953046857458,-42.55031269142779,126.61861703552906
441,94.08009338863455,"[899.41897561893745, 899.94503957361792, 900.02149933615033, 899.85348751406389]",94.84877415133606,-24.21382619976052,-21.11627214891272,133.25270765212997
442,94.10945624421144,"[900.73942589507863, 899.3461776254303, 900.97919416933883, 900.27071162447396]",94.84877415133606,-34.37913248810975,3.714894357308667,132.1504577981927
443,93.85813021537196,"[900.04581662072235, 900.46234092385976, 898.93993074689081, 899.99112215828552]",94.84877415133606,27.69495312035223,27.975593504474,140.91796903490274
444,94.1470147684179,"[900.89373510207531, 899.77990365194978, 900.27007506650148, 901.01131434252125]",94.84877415133606,-18.768894135219533,3.132905319474814,137.29818360853676
445,93.81488701174273,"[900.36040063399764, 900.69819634099827, 899.33977618446659, 899.86113970227689]",94.84877415133606,42.278658424259014,12.043603417165022,172.2325669552301
446,94.1055095935849,"[900.83653131611459, 899.66856907800491, 899.80086391478198, 900.53080947861054]",94.84877415133606,-6.065624165724087,-31.9983104244949,141.3802423935939
447,93.92585638528892,"[900.74630249580082, 900.15110747662993, 900.33071532512224, 899.94515246491142]",94.84877415133606,24.25355921070149,28.860899377019784,150.9493545014742
448,94.09452604140672,"[900.3119220904232, 901.07728099838926, 900.82688056234031, 899.77732404880953]",94.84877415133606,4.533991016800748,-38.05691751945101,132.71521458137607
449,93.88406604027291,"[899.58658669687429, 899.40181070604399, 899.5930516202294, 900.1212423319173]",94.84877415133606,32.43000368722619,25.875914589401127,158.27689645255717
450,93.89341934089539,"[900.12161633063465, 899.19013346554527, 900.09922374953067, 899.95719363137277]",94.84877415133606,18.13288685523335,-49.76048343124609,128.5069548617791
451,93.91661390385421,"[899.04458586140379, 899.96281594933225, 899.95954572077164, 899.19713995323423]",94.84877415133606,-33.282751557181285,24.39999283628935,138.57563883317724
452,94.0952757931656,"[900.83499452833826, 900.87388835543015, 899.70128800372891, 900.7082306700247]",94.84877415133606,17.011211759189283,-14.047172057609114,138.2516650845344
453,93.53060514502334,"[900.38453645255549, 899.09161043150539, 900.07090211919012, 900.09061402162024]",94.84877415133606,-72.80914544588926,15.015257470854152,170.3172264805452
454,88.31770985311643,"[900.48362847169801, 899.70824501866912, 900.06843580253599, 900.01662070072894]",94.84877415133606,100.5962819533351,-53.297509661560426,300.0
455,94.05310318147006,"[899.25413229683716, 899.45332346370344, 899.21331998897301, 900.63704820166458]",94.84877415133606,-48.041716259195795,-9.292427237774454,121.89657893809267
456,93.89778066124578,"[901.23022849616837, 900.44719609160859, 900.84472634743918, 900.07882421814099]",94.84877415133606,-64.03529610814596,-12.363172791884482,114.09893666685363
457,94.10852253435522,"[900.11322291672786, 901.33846990975303, 899.38677706545263, 900.25748650174557]",94.84877415133606,28.53980945286096,0.33676535101271565,135.93299849255325
458,68.34693508297666,"[899.25840719135067, 899.49127486791144, 901.37133392484611, 900.7992151323416]",94.84877415133606,8.949509036254966,150.0,267.00104264952205
459,94.16428111107642,"[899.34487610676149, 899.67022578353658, 901.08147460992745, 899.57760932696567]",94.84877415133606,-17.075579784212565,-7.321870290128885,138.6418219237759
460,93.95240356272261,"[899.39468824217488, 899.25201883837042, 900.61589460185382, 899.92925764251117]",94.84877415133606,-83.4253540399117,21.395879088507417,56.02352896314525
461,69.42665231479744,"[898.76398829264951, 899.69969133042389, 899.83641334525862, 900.08299407517393]",94.84877415133606,150.0,34.28965915056609,258.06247686727613
462,93.54357773896693,"[899.16133116137598, 900.29277682124405, 900.0023794315772, 900.71025427555242]",94.84877415133606,-76.79963074124407,-47.31310327437007,90.79200963444447
463,94.1812707128676,"[899.72641533326373, 900.60731246346415, 899.88744679432193, 899.88947132799456]",94.84877415133606,-2.6894295944700706,-8.821752078623899,152.43348302492856
464,94.1729938291313,"[899.91933541453398, 900.05152412715893, 900.3483273653776, 899.96662626548493]",94.84877415133606,-5.667074143661077,18.074336858024477,138.668308241864
465,93.91614531743913,"[900.18913052971266, 900.28865891379678, 899.94691645446119, 899.94582495806094]",94.84877415133606,-37.898820778017104,16.521129056924323,165.8711973038316
466,89.99231841230487,"[899.78856976563384, 899.3038319019895, 899.15201278864265, 899.73855916754781]",94.84877415133606,59.84520698372185,110.31913430424379,300.0
467,93.7535826353405,"[900.01121229812247, 900.16058045968464, 901.03925275110873, 900.5832162491879]",94.84877415133606,-41.27627367729339,-61.41925242590296,103.93183664735845
468,94.10833472812236,"[900.14906438678872, 899.61096927047686, 900.49147762505402, 900.58683580474542]",94.84877415133606,-47.68876201634412,-2.4850554980512016,125.44856746394366
469,90.16492128596566,"[900.27466900009324, 899.57759630764099, 900.60858807023362, 900.72035577040549]",94.84877415133606,150.0,-150.0,215.00245154060093
470,93.7310349022729,"[900.87547024199716, 899.80589614745418, 899.49666998312273, 899.53706901347698]",94.84877415133606,28.32388551295076,-75.09445712743681,114.77662930161088
471,94.20505581110784,"[900.4727925698204, 899.34889772592544, 900.1766828571964, 899.4582835915877]",94.84877415133606,-0.1929320030753064,19.917008527274056,137.9424771246463
472,94.02924487557013,"[899.38750595431941, 900.47050604710319, 899.93557741807263, 899.94539587860243]",94.84877415133606,25.650325777024655,-12.751966049974952,143.93559418361826
473,94.14146007911471,"[900.08043020652474, 898.7214157971448, 900.1156249512054, 899.30002692998153]",94.84877415133606,-3.666655989329112,26.210908559920107,139.9660649155248
474,93.90507762686318,"[899.50765895138568, 900.54636543097615, 900.43540599902542, 900.41039780866276]",94.84877415133606,34.85123893769785,19.72918726690427,164.9743355698671
475,93.9522158872762,"[900.77843952648277, 901.53413679665846, 899.96808340171867, 899.35583272305405]",94.84877415133606,-78.83965302256304,0.8429917710301047,94.76968296580318
476,94.11660691679556,"[900.97765934376014, 899.39611582547514, 900.40498025617728, 899.86536384735416]",94.84877415133606,-18.861657477320016,-29.64911044036076,131.52396651686473
477,93.65576565951703,"[900.07458195100753, 899.42936227713483, 899.86937548194453, 899.51337356436852]",94.84877415133606,-55.0096450385855,32.97140097785524,149.32968980777966
478,93.79845064644894,"[898.67297473752376, 899.54201776240677, 899.5960931312851, 900.84944386200686]",94.84877415133606,-71.84631533859385,-19.77410406065488,100.56105125336327
479,93.85325025144368,"[899.60481870634521, 899.373570529944, 900.95099685713387, 899.69754854988469]",94.84877415133606,-57.03962068932207,15.505722008979777,126.52934463662277
480,70.48579301085182,"[899.8462116194155, 899.56540615947063, 900.37925754233072, 900.04860177043986]",94.84877415133606,14.988224869898813,150.0,300.0
481,76.11792275362859,"[900.43903379049777, 899.70784061999598, 901.72635819727907, 899.08739474477989]",94.84877415133606,106.32226103604582,-10.329941377682852,300.0
482,93.97033831465271,"[899.65930316037009, 899.9047372758771, 900.89988597707622, 900.48777080884781]",94.84877415133606,-22.19115836400107,29.123870912276182,185.6528704035954
483,89.10293244282055,"[899.92226706576491, 899.7255978694767, 901.55206790277123, 899.66210497131783]",94.84877415133606,150.0,-80.39390563283042,260.1842794786557
484,94.1589964819684,"[900.01733115333423, 899.27067004782145, 900.60316709821018, 899.56025942951021]",94.84877415133606,-10.341468160131784,17.760298984464278,136.63522164053356
485,94.02338253492036,"[900.43411898669558, 899.7127435210474, 899.32646460216006, 900.13065459085578]",94.84877415133606,-38.86288463172544,12.129616893024775,133.1184908768736
486,74.68958967022996,"[899.4257467278378, 898.41075148758887, 900.62111345873268, 900.21288308033422]",94.84877415133606,-48.67946836385791,150.0,288.633135858055
487,93.98888024345385,"[901.18465151944577, 899.60981766679538, 899.52513838411494, 900.2496489017318]",94.84877415133606,8.521064686954139,38.46661918974501,154.48088779271467
488,93.87219426365077,"[900.2928969012936, 899.07528521015843, 900.15836920971321, 899.9850442550719]",94.84877415133606,-76.07601545408036,12.202478951332864,89.73588104270945
489,94.07975255325083,"[899.60178488252529, 900.6046728020815, 899.74421902703716, 899.0754822633711]",94.84877415133606,-0.8390173408573843,-44.45546993211858,127.43878039755268
490,94.14173082728051,"[899.41305069336204, 899.39344974492349, 898.89111085308127, 899.57806458360994]",94.84877415133606,-29.61387809536188,9.225581889433823,133.2965223331228
491,93.72464754662403,"[900.0103690136367, 899.68944156503846, 899.71681058437889, 899.90649597827655]",94.84877415133606,-47.5371300948338,-51.729120253074456,110.51444939275278
492,84.41561626964871,"[899.28515793475026, 899.77626238449307, 900.15080409416737, 900.42875354279829]",94.84877415133606,66.6037985105273,121.44090447399195,300.0
493,94.20639623106243,"[900.16299178162046, 900.70381493648495, 899.70878806532619, 899.88306949009313]",94.84877415133606,-18.041642943925417,-6.228890861010917,132.78239710217235
494,87.18284503664773,"[899.78510691317217, 900.44382717374458, 899.23130922903351, 900.20215905030147]",94.84877415133606,146.67947028854218,-21.987740553391866,300.0
495,93.43827418836212,"[899.39668315290351, 899.63856764599939, 898.80580350185892, 900.53152421514676]",94.84877415133606,53.02083122951251,-113.64598514500301,134.18053798527652
496,94.28721137728378,"[900.6864913226126, 899.90995619459363, 899.70078038625422, 900.76225540501093]",94.84877415133606,6.509502583197005,-2.8865935441134476,139.205561583073
497,94.16554320379393,"[899.11758117269801, 899.51030425834233, 898.99925351357592, 899.91978840967101]",94.84877415133606,-13.057303049870873,-3.7118050239045632,137.93035673655905
498,93.5941085404989,"[899.41972232094406, 900.96747565926103, 899.97599187661444, 899.65418453888742]",94.84877415133606,-76.15341737534436,-36.091906235684796,103.94879015626758
499,84.67115728950479,"[900.98199370449538, 899.40228220511199, 900.56665758065094, 899.94688199713494]",94.84877415133606,55.724366870631215,67.54318681521262,300.0
500,93.87557116449194,"[899.66463184628674, 900.24738741442081, 899.58705934772831, 899.46108151986255]",94.84877415133606,-50.0591204540719,21.019503835647026,124.19667416521442
